{"metadata":{"formatVersion":2,"generatedBy":"LeapJS Playback 0.2.1","frames":150,"protocolVersion":6,"serviceVersion":"2.1.4+22333","frameRate":"55","modified":"Sat Oct 04 2014 17:38:54 GMT-0700 (Pacific Daylight Time)"},"frames":[["id","timestamp",{"hands":[["id","type","direction","palmNormal","palmPosition","palmVelocity","stabilizedPalmPosition","pinchStrength","grabStrength","confidence"]]},{"pointables":[["id","direction","handId","length","stabilizedTipPosition","tipPosition","tipVelocity","tool","carpPosition","mcpPosition","pipPosition","dipPosition","btipPosition","bases","type"]]},{"interactionBox":["center","size"]}],[202218,1479184963,[[439,"right",[0.0381382,0.684133,-0.72836],[-0.270776,-0.694544,-0.66655],[-1.1439,186.908,71.1855],[1.19209e-7,1.19209e-7,1.19209e-7],[-1.1439,186.908,71.1855],0,0,0]],[[4390,[-0.355322,0.344202,-0.869063],439,40.3332,[-54.4295,186.033,41.0812],[-54.4295,186.033,41.0812],[1.19209e-7,1.19209e-7,1.19209e-7],false,[-19.7439,156.621,102.777],[-19.7439,156.621,102.777],[-43.4396,173.665,77.4706],[-52.8154,182.748,54.5388],[-54.9116,187.014,37.0614],[[[0.636692,0.665125,0.390169],[-0.66791,0.222799,0.710111],[0.385383,-0.71272,0.586098]],[[0.459675,0.873888,0.158172],[-0.642237,0.204096,0.738834],[0.613376,-0.441208,0.655062]],[[0.459675,0.873888,0.158172],[-0.813907,0.343285,0.468733],[0.355322,-0.344202,0.869063]],[[0.459675,0.873888,0.158172],[-0.880514,0.425258,0.209408],[0.115735,-0.235533,0.964951]]],0],[4391,[-0.0144308,0.467856,-0.883687],439,45.5115,[-19.2714,235.419,6.7823],[-19.2714,235.419,6.7823],[1.19209e-7,1.19209e-7,1.19209e-7],false,[-9.32664,171.407,105.841],[-18.5902,205.619,61.283],[-18.7875,222.136,32.4274],[-19.0574,230.888,15.8975],[-19.3354,236.772,4.05959],[[[0.954635,-0.104615,-0.278797],[0.2494,0.79245,0.556618],[0.162702,-0.600899,0.782591]],[[0.968255,-0.21403,-0.129127],[0.249895,0.841081,0.479723],[0.00593128,-0.496763,0.867866]],[[0.968255,-0.21403,-0.129127],[0.249549,0.857497,0.449915],[0.0144308,-0.467856,0.883687]],[[0.968255,-0.21403,-0.129127],[0.24908,0.869566,0.426396],[0.0210231,-0.445023,0.895272]]],1],[4392,[0.0455725,0.284028,-0.957732],439,51.8567,[1.9845,224.061,-7.54433],[1.9845,224.061,-7.54433],[1.19209e-7,1.19209e-7,1.19209e-7],false,[-0.0730727,171.738,103.589],[-1.7395,203.044,59.6287],[0.618313,214.917,24.3448],[1.62123,221.168,3.26783],[2.09301,224.925,-10.7739],[[[0.911242,-0.318387,-0.261281],[0.410714,0.74997,0.518517],[0.0308632,-0.579806,0.81417]],[[0.897602,-0.432429,-0.0855308],[0.436251,0.843621,0.313031],[-0.0632077,-0.31829,0.945884]],[[0.897602,-0.432429,-0.0855308],[0.438444,0.855765,0.274651],[-0.0455725,-0.284028,0.957732]],[[0.897602,-0.432429,-0.0855308],[0.439611,0.863877,0.245885],[-0.0324398,-0.258307,0.965518]]],2],[4393,[0.10687,0.203111,-0.973306],439,49.8616,[22.0851,210.363,-4.50228],[22.0851,210.363,-4.50228],[1.19209e-7,1.19209e-7,1.19209e-7],false,[8.81464,169.617,100.961],[14.3391,195.863,60.5797],[18.7804,204.014,27.2711],[21.0716,208.368,6.4046],[22.3879,210.959,-7.76017],[[[0.87228,-0.455864,-0.176961],[0.475543,0.706441,0.524214],[-0.113958,-0.541414,0.832997]],[[0.836917,-0.546878,-0.0222288],[0.532045,0.803343,0.267523],[-0.128445,-0.235722,0.963295]],[[0.836917,-0.546878,-0.0222288],[0.536795,0.812201,0.228432],[-0.10687,-0.203111,0.973306]],[[0.836917,-0.546878,-0.0222288],[0.539707,0.817825,0.199698],[-0.0910312,-0.179128,0.979605]]],3],[4394,[0.213654,-0.0254122,-0.976579],439,39.0906,[43.4909,188.783,12.0344],[43.4909,188.783,12.0344],[1.19209e-7,1.19209e-7,1.19209e-7],false,[16.0256,162.313,96.9645],[27.5762,185.895,60.5739],[40.2458,191.15,36.895],[43.4798,190.766,22.1129],[43.4943,188.191,9.02398],[[[0.762584,-0.625879,-0.163527],[0.593476,0.576311,0.561829],[-0.257395,-0.525491,0.81093]],[[0.60969,-0.777611,0.153621],[0.643366,0.598693,0.477123],[-0.462988,-0.192062,0.865306]],[[0.60969,-0.777611,0.153621],[0.763302,0.628232,0.150646],[-0.213654,0.0254122,0.976579]],[[0.60969,-0.777611,0.153621],[0.792639,0.598395,-0.11682],[-0.00108593,0.19299,0.9812]]],4]],[[0,200,0],[235.247,235.247,147.751]]],[202219,1479210721,[[439,"right",[0.0667081,0.695185,-0.715729],[-0.259894,-0.680459,-0.68515],[3.3492,193.157,74.8681],[174.435,242.63,142.968],[-0.176154,188.254,71.9787],0,0,0.111605]],[[4390,[-0.32583,0.359954,-0.874224],439,40.3332,[-52.6692,188.385,41.7575],[-49.0485,193.304,43.197],[209.297,279.744,80.4131],false,[-16.4892,162.597,105.425],[-16.4892,162.597,105.425],[-39.2388,180.243,79.6678],[-47.8364,189.742,56.5998],[-49.3975,194.283,39.1358],[[[0.633115,0.651031,0.418717],[-0.685088,0.219491,0.694607],[0.360306,-0.726624,0.584976]],[[0.464022,0.866536,0.183844],[-0.661738,0.201121,0.722255],[0.588885,-0.456799,0.666745]],[[0.464022,0.866536,0.183844],[-0.823722,0.345757,0.44937],[0.32583,-0.359954,0.874224]],[[0.464022,0.866536,0.183844],[-0.881621,0.431571,0.191027],[0.0861898,-0.250721,0.964215]]],0],[4391,[0.0137723,0.474421,-0.88019],439,45.5115,[-16.908,237.891,8.09857],[-12.4603,242.644,10.6386],[262.723,274.825,146.321],false,[-5.99099,177.204,109.022],[-13.5905,212.235,64.7862],[-12.8301,229.043,36.1085],[-12.5725,237.917,19.6439],[-12.4838,243.866,7.83524],[[[0.960855,-0.111706,-0.253534],[0.24278,0.780362,0.576275],[0.133475,-0.61527,0.776935]],[[0.968959,-0.223636,-0.105378],[0.24616,0.833333,0.494936],[-0.0228702,-0.505513,0.862516]],[[0.968959,-0.223636,-0.105378],[0.246836,0.851417,0.462775],[-0.0137723,-0.474421,0.88019]],[[0.968959,-0.223636,-0.105378],[0.247129,0.864638,0.437411],[-0.00670671,-0.449876,0.893066]]],1],[4392,[0.07573,0.2991,-0.951212],439,51.8567,[4.67339,226.888,-5.87523],[9.13822,231.561,-3.11133],[277.764,292.117,172.42],false,[3.32581,177.46,107.037],[3.26909,209.483,63.5642],[6.778,221.949,28.5818],[8.4446,228.531,7.64834],[9.34661,232.497,-6.31463],[[[0.914493,-0.32519,-0.240737],[0.404601,0.736545,0.542033],[0.00105044,-0.593088,0.805137]],[[0.89463,-0.441656,-0.0676494],[0.436793,0.832621,0.340519],[-0.094066,-0.334187,0.937801]],[[0.89463,-0.441656,-0.0676494],[0.440343,0.84586,0.30103],[-0.07573,-0.2991,0.951212]],[[0.89463,-0.441656,-0.0676494],[0.442482,0.854738,0.271353],[-0.0620224,-0.272695,0.960099]]],2],[4393,[0.13673,0.21717,-0.96651],439,49.8616,[24.4383,212.809,-2.88036],[28.9929,217.545,0.260982],[268.448,279.061,185.027],false,[12.2589,175.273,104.626],[19.2294,202.093,64.8492],[24.7291,210.749,31.8272],[27.6604,215.405,11.1064],[29.3999,218.192,-2.97511],[[[0.87156,-0.463515,-0.159802],[0.46873,0.692148,0.548838],[-0.143788,-0.55325,0.820512]],[[0.830742,-0.556606,-0.00754393],[0.533451,0.792164,0.29649],[-0.159052,-0.250331,0.955006]],[[0.830742,-0.556606,-0.00754393],[0.539604,0.801889,0.256517],[-0.13673,-0.21717,0.96651]],[[0.830742,-0.556606,-0.00754393],[0.543504,0.808109,0.227078],[-0.120297,-0.192743,0.973847]]],3],[4394,[0.24019,-0.0118932,-0.970653],439,39.0906,[45.1586,190.601,13.3872],[49.6203,195.438,17.0057],[237.052,258.368,192.287],false,[19.4944,167.947,100.714],[32.3443,191.966,65.0525],[45.6781,197.423,41.7876],[49.3138,197.243,27.0951],[49.6815,194.899,13.9681],[[[0.759551,-0.632381,-0.152235],[0.584026,0.560012,0.587622],[-0.286347,-0.535238,0.794686]],[[0.59649,-0.787067,0.157246],[0.637789,0.583744,0.502462],[-0.487263,-0.199423,0.85018]],[[0.59649,-0.787067,0.157246],[0.765839,0.616753,0.181951],[-0.24019,0.0118932,0.970653]],[[0.59649,-0.787067,0.157246],[0.802147,0.591314,-0.0831124],[-0.027567,0.17571,0.984056]]],4]],[[0,200,0],[235.247,235.247,147.751]]],[202220,1479236487,[[439,"right",[0.103215,0.706328,-0.70032],[-0.263861,-0.659411,-0.703956],[9.49218,200.022,79.4878],[212.892,256.927,164.802],[4.17163,193.546,75.3555],0,0,0.228393]],[[4390,[-0.291706,0.380798,-0.87744],439,40.3332,[-45.2641,197.745,44.9339],[-42.0316,202.1,46.4962],[248.426,313.896,106.615],false,[-11.9188,169.487,108.991],[-11.9188,169.487,108.991],[-33.4825,188.125,82.9135],[-41.1797,198.173,59.7607],[-42.2039,203.026,42.3411],[[[0.642053,0.624027,0.445374],[-0.694094,0.226434,0.683345],[0.325578,-0.747876,0.578516]],[[0.482825,0.85051,0.208595],[-0.674763,0.209492,0.707678],[0.558188,-0.482437,0.675041]],[[0.482825,0.85051,0.208595],[-0.825704,0.362802,0.431958],[0.291706,-0.380798,0.87744]],[[0.482825,0.85051,0.208595],[-0.873889,0.452567,0.177487],[0.0565511,-0.267984,0.961762]]],0],[4391,[0.0457124,0.48429,-0.873713],439,45.5115,[-7.5258,246.883,13.383],[-3.47131,250.94,15.7791],[313.659,300.798,176.652],false,[-1.08514,183.708,113.106],[-6.65108,219.779,69.4066],[-4.79089,236.964,41.0045],[-3.9358,246.023,24.6612],[-3.43669,252.087,12.9213],[[[0.962738,-0.135197,-0.234217],[0.252149,0.761817,0.596704],[0.0977578,-0.633527,0.76752]],[[0.964203,-0.250077,-0.0881681],[0.259195,0.818715,0.512371],[-0.0559477,-0.516883,0.854226]],[[0.964203,-0.250077,-0.0881681],[0.261194,0.838406,0.478386],[-0.0457124,-0.48429,0.873713]],[[0.964203,-0.250077,-0.0881681],[0.262464,0.852748,0.45159],[-0.0377471,-0.458566,0.887858]]],1],[4392,[0.105585,0.314747,-0.943285],439,51.8567,[14.3101,236.094,0.0712832],[18.1648,239.733,2.43338],[321.255,307.516,198.261],false,[8.27804,183.726,111.334],[10.1449,216.553,68.5066],[14.8202,229.621,33.8819],[17.1438,236.547,13.1229],[18.4639,240.735,-0.74176],[[[0.909908,-0.347423,-0.226637],[0.413366,0.713899,0.565222],[-0.0345749,-0.607985,0.793196]],[[0.882832,-0.466248,-0.0567549],[0.452658,0.812342,0.367698],[-0.125334,-0.350306,0.928212]],[[0.882832,-0.466248,-0.0567549],[0.457668,0.826769,0.327097],[-0.105585,-0.314747,0.943285]],[[0.882832,-0.466248,-0.0567549],[0.460834,0.836488,0.296511],[-0.0907727,-0.287924,0.953342]]],2],[4393,[0.164839,0.231045,-0.958878],439,49.8616,[32.8904,220.715,2.82718],[37.5392,225.062,5.96883],[306.592,286.844,207.045],false,[17.1965,181.323,109.08],[25.8501,208.673,70.0018],[32.3798,217.826,37.3029],[35.9137,222.779,16.7457],[38.041,225.761,2.75762],[[[0.861135,-0.485928,-0.149402],[0.476006,0.667508,0.572583],[-0.178507,-0.564187,0.806119]],[[0.814164,-0.580635,0.000055445],[0.549069,0.769933,0.325156],[-0.18884,-0.2647,0.94566]],[[0.814164,-0.580635,0.000055445],[0.556745,0.780693,0.28382],[-0.164839,-0.231045,0.958878]],[[0.814164,-0.580635,0.000055445],[0.561688,0.787621,0.253297],[-0.147117,-0.206194,0.967388]]],3],[4394,[0.261074,0.000354661,-0.965319],439,39.0906,[51.2314,196.462,18.1206],[57.0565,202.028,22.6719],[267.235,256.814,208.01],false,[24.3033,173.862,105.188],[38.6569,198.161,70.2987],[52.5542,203.61,47.3639],[56.506,203.615,32.7522],[57.1457,201.555,19.5881],[[[0.74412,-0.651527,-0.147638],[0.586496,0.531318,0.611329],[-0.319855,-0.541492,0.777483]],[[0.570406,-0.806802,0.153972],[0.645537,0.556262,0.52331],[-0.507857,-0.199105,0.838116]],[[0.570406,-0.806802,0.153972],[0.778767,0.590822,0.210837],[-0.261074,-0.000354661,0.965319]],[[0.570406,-0.806802,0.153972],[0.819962,0.570283,-0.0493955],[-0.0479551,0.154426,0.98684]]],4]],[[0,200,0],[235.247,235.247,147.751]]],[202221,1479257448,[[439,"right",[0.138571,0.717152,-0.683002],[-0.270715,-0.63596,-0.722682],[14.9932,205.631,83.1282],[238.981,262.54,169.474],[10.1042,200.171,79.6166],0,0,0.314059]],[[4390,[-0.254189,0.397244,-0.881808],439,40.3332,[-36.791,207.418,47.9334],[-35.4829,209.557,48.8372],[285.356,329.988,103.653],false,[-7.92006,175.179,111.57],[-7.92006,175.179,111.57],[-28.1859,194.704,85.1037],[-34.8932,205.186,61.8356],[-35.4097,210.308,44.4704],[[[0.652512,0.594059,0.470449],[-0.699686,0.233931,0.675068],[0.290978,-0.769656,0.568297]],[[0.501592,0.833698,0.230983],[-0.6879,0.222461,0.690872],[0.524594,-0.505429,0.685086]],[[0.501592,0.833698,0.230983],[-0.826918,0.383594,0.411172],[0.254189,-0.397244,0.881808]],[[0.501592,0.833698,0.230983],[-0.864634,0.474318,0.16562],[0.0285173,-0.282789,0.958758]]],0],[4391,[0.076335,0.49609,-0.864909],439,45.5115,[2.36441,255.689,18.7253],[4.80428,258.083,20.1978],[355.915,320.292,193.368],false,[3.27023,188.962,116.188],[-0.3307,226.092,73.1752],[2.59228,243.716,45.1331],[4.02018,252.995,28.9544],[4.91007,259.2,17.312],[[[0.962376,-0.160584,-0.219191],[0.264257,0.740895,0.617448],[0.0632453,-0.65214,0.755456]],[[0.95742,-0.278691,-0.0753498],[0.274986,0.800864,0.531978],[-0.0879122,-0.530046,0.843399]],[[0.95742,-0.278691,-0.0753498],[0.278422,0.82233,0.49624],[-0.076335,-0.49609,0.864909]],[[0.95742,-0.278691,-0.0753498],[0.280743,0.837927,0.46804],[-0.0673005,-0.469265,0.880489]]],1],[4392,[0.132929,0.330522,-0.93439],439,51.8567,[23.7492,244.399,5.60529],[26.3653,246.651,7.11868],[357.978,319.459,211.595],false,[12.6617,188.722,114.591],[16.3709,222.359,72.5176],[22.1208,236.02,38.2862],[25.0462,243.294,17.723],[26.7474,247.708,3.97066],[[[0.902828,-0.37115,-0.217138],[0.424478,0.688583,0.587938],[-0.068696,-0.622978,0.779217]],[[0.868879,-0.492434,-0.0505803],[0.470414,0.789543,0.394121],[-0.154144,-0.366237,0.917665]],[[0.868879,-0.492434,-0.0505803],[0.476844,0.805148,0.352642],[-0.132929,-0.330522,0.93439]],[[0.868879,-0.492434,-0.0505803],[0.481006,0.81571,0.321326],[-0.116973,-0.303523,0.945617]]],2],[4393,[0.189318,0.245216,-0.950804],439,49.8616,[42.1766,228.745,8.7733],[45.2231,231.351,10.7219],[338.395,294.639,217.667],false,[21.5426,186.086,112.451],[31.7915,213.957,74.1342],[39.311,223.717,41.8258],[43.3697,228.974,21.4418],[45.8042,232.121,7.54029],[[[0.848294,-0.509626,-0.143802],[0.48549,0.640096,0.595463],[-0.211416,-0.574942,0.790408]],[[0.795741,-0.605633,0.00224774],[0.565248,0.744002,0.356308],[-0.217464,-0.282259,0.934366]],[[0.795741,-0.605633,0.00224774],[0.575286,0.757019,0.309786],[-0.189318,-0.245216,0.950804]],[[0.795741,-0.605633,0.00224774],[0.581764,0.765401,0.275158],[-0.168365,-0.217647,0.961396]]],3],[4394,[0.275778,0.0136594,-0.961124],439,39.0906,[58.4097,202.898,23.3711],[63.4698,207.293,27.1098],[284.945,253.692,207.405],false,[28.487,178.487,108.533],[44.2567,203.043,74.443],[58.4404,208.402,51.6629],[62.6148,208.609,37.1147],[63.5114,206.893,23.9162],[[[0.726167,-0.671454,-0.147752],[0.590923,0.499712,0.633323],[-0.351414,-0.547208,0.759652]],[[0.544152,-0.826469,0.144389],[0.65973,0.527826,0.534936],[-0.51832,-0.195828,0.832464]],[[0.544152,-0.826469,0.144389],[0.792367,0.562817,0.235355],[-0.275778,-0.0136594,0.961124]],[[0.544152,-0.826469,0.144389],[0.83629,0.548097,-0.0144325],[-0.0672113,0.128605,0.989416]]],4]],[[0,200,0],[235.247,235.247,147.751]]],[202222,1479276665,[[439,"right",[0.172546,0.72116,-0.670937],[-0.265317,-0.621951,-0.736739],[20.4062,210.624,87.0887],[260.162,261.216,187.642],[16.6818,206.845,84.3874],0,0,0.385104]],[[4390,[-0.208774,0.398277,-0.89319],439,40.3332,[-29.0366,214.017,50.1073],[-28.5445,215.418,50.9611],[327.387,311.285,100.849],false,[-3.92462,180.39,114.568],[-3.92462,180.39,114.568],[-22.7244,200.246,87.2789],[-28.2332,210.755,63.7105],[-28.163,215.939,46.3562],[[[0.652688,0.574227,0.494228],[-0.71211,0.24227,0.658942],[0.258646,-0.782029,0.567039]],[[0.509839,0.82371,0.248126],[-0.709397,0.239397,0.662906],[0.486642,-0.513995,0.706391]],[[0.509839,0.82371,0.248126],[-0.834553,0.403581,0.375026],[0.208774,-0.398277,0.89319]],[[0.509839,0.82371,0.248126],[-0.860261,0.489466,0.142735],[-0.00387752,-0.286225,0.958155]]],0],[4391,[0.108994,0.498461,-0.860033],439,45.5115,[10.8779,261.939,23.1093],[13.0194,263.797,24.4085],[391.094,307.416,204.955],false,[7.44014,193.869,119.636],[5.80882,231.53,76.9664],[9.86224,249.327,49.176],[11.901,258.651,33.0885],[13.2083,264.857,21.4859],[[[0.964101,-0.179716,-0.19548],[0.263987,0.728128,0.632567],[0.0286517,-0.661462,0.749431]],[[0.952639,-0.299478,-0.0528421],[0.278598,0.789803,0.546438],[-0.121911,-0.53528,0.835831]],[[0.952639,-0.299478,-0.0528421],[0.283901,0.813542,0.507494],[-0.108994,-0.498461,0.860033]],[[0.952639,-0.299478,-0.0528421],[0.287584,0.830692,0.476703],[-0.0988666,-0.469322,0.877475]]],1],[4392,[0.162252,0.334683,-0.928257],439,51.8567,[32.1481,250.423,10.4499],[34.6286,252.149,11.8542],[392.508,302.168,228.341],false,[16.8633,193.435,118.285],[22.4355,227.431,76.7083],[29.3897,241.383,42.8196],[32.9604,248.749,22.3913],[35.0545,253.182,8.69945],[[[0.899884,-0.388907,-0.197385],[0.423744,0.672563,0.606712],[-0.1032,-0.629611,0.770026]],[[0.859115,-0.510654,-0.0339501],[0.476618,0.77416,0.416547],[-0.186429,-0.374043,0.90848]],[[0.859115,-0.510654,-0.0339501],[0.485381,0.791972,0.370386],[-0.162252,-0.334683,0.928257]],[[0.859115,-0.510654,-0.0339501],[0.491109,0.803933,0.335415],[-0.143988,-0.304834,0.941458]]],2],[4393,[0.201922,0.235144,-0.950755],439,49.8616,[49.7147,234.129,13.7945],[52.679,236.171,15.738],[356.598,269.474,235.674],false,[25.7377,190.624,116.351],[37.6182,218.669,78.6367],[46.2877,228.95,46.7812],[50.6166,233.991,26.3982],[53.0007,236.71,12.398],[[[0.840367,-0.526907,-0.127089],[0.483448,0.622646,0.615297],[-0.245073,-0.578516,0.777983]],[[0.783625,-0.621102,0.0128138],[0.568393,0.725143,0.388713],[-0.250722,-0.297322,0.92127]],[[0.783625,-0.621102,0.0128138],[0.587503,0.747623,0.309679],[-0.201922,-0.235144,0.950755]],[[0.783625,-0.621102,0.0128138],[0.598956,0.760836,0.24976],[-0.164876,-0.188043,0.968223]]],3],[4394,[0.29754,0.0213609,-0.95447],439,39.0906,[66.0942,208.916,29.1267],[70.136,211.838,32.2144],[312.894,246.073,233.543],false,[32.6147,182.915,112.532],[49.8267,207.476,79.1514],[64.363,212.677,56.5576],[68.8668,213,42.1101],[70.1613,211.529,28.9151],[[[0.714846,-0.68591,-0.136098],[0.584707,0.479539,0.654339],[-0.383553,-0.547329,0.743853]],[[0.525356,-0.838436,0.145007],[0.664696,0.510789,0.545228],[-0.531206,-0.190053,0.825651]],[[0.525356,-0.838436,0.145007],[0.797165,0.544582,0.26069],[-0.29754,-0.0213609,0.95447]],[[0.525356,-0.838436,0.145007],[0.845331,0.533729,0.0234332],[-0.0970414,0.110268,0.989153]]],4]],[[0,200,0],[235.247,235.247,147.751]]],[202223,1479295900,[[439,"right",[0.208804,0.723316,-0.658191],[-0.256948,-0.608804,-0.750556],[25.5218,215.293,90.7368],[263.039,252.03,188.646],[23.1219,213,89.0131],0,0,0.446681]],[[4390,[-0.152687,0.393514,-0.90655],439,40.3332,[-21.2617,219.367,51.5043],[-21.3339,220.678,52.4633],[358.252,286.214,83.3056],false,[-0.297479,185.363,117.172],[-0.297479,185.363,117.172],[-17.3183,205.431,88.8882],[-21.3472,215.815,64.9672],[-20.4885,220.943,47.6173],[[[0.650268,0.554556,0.519249],[-0.72598,0.252216,0.639797],[0.223841,-0.793004,0.566604]],[[0.517094,0.813532,0.266045],[-0.733819,0.261365,0.627055],[0.440594,-0.519475,0.732135]],[[0.517094,0.813532,0.266045],[-0.8422,0.42815,0.327699],[0.152687,-0.393514,0.90655]],[[0.517094,0.813532,0.266045],[-0.854614,0.507944,0.107829],[-0.047414,-0.283123,0.957911]]],0],[4391,[0.144208,0.496059,-0.85623],439,45.5115,[19.3189,267.378,27.1078],[21.1689,268.946,28.2485],[406.979,285.432,200.542],false,[11.2097,198.532,122.712],[11.7089,236.619,80.3944],[17,254.498,52.8653],[19.6975,263.777,36.8489],[21.4485,269.899,25.2605],[[[0.965262,-0.199768,-0.168412],[0.261138,0.715958,0.647465],[-0.0087673,-0.668952,0.743254]],[[0.946642,-0.321183,-0.0266431],[0.280257,0.779552,0.560138],[-0.159137,-0.537717,0.827971]],[[0.946642,-0.321183,-0.0266431],[0.288223,0.806701,0.515907],[-0.144208,-0.496059,0.85623]],[[0.946642,-0.321183,-0.0266431],[0.293823,0.826114,0.480837],[-0.132427,-0.463009,0.876405]]],1],[4392,[0.190425,0.330838,-0.924275],439,51.8567,[40.4037,255.558,15.0209],[42.7343,256.998,16.302],[404.19,274.662,227.891],false,[20.6571,197.897,121.639],[28.2395,232.145,80.5914],[36.5219,246.35,47.1086],[40.7126,253.631,26.7679],[43.1318,257.888,13.0736],[[[0.896447,-0.407416,-0.17434],[0.420312,0.657017,0.625833],[-0.14043,-0.634303,0.760223]],[[0.848512,-0.528977,-0.0145281],[0.480343,0.758398,0.440571],[-0.222034,-0.380808,0.8976]],[[0.848512,-0.528977,-0.0145281],[0.493727,0.781492,0.38145],[-0.190425,-0.330838,0.924275]],[[0.848512,-0.528977,-0.0145281],[0.502353,0.796567,0.336338],[-0.166342,-0.292685,0.941629]]],2],[4393,[0.184945,0.19836,-0.962522],439,49.8616,[55.6597,237.828,18.1369],[58.8292,239.693,20.2486],[319.505,216.251,225.436],false,[29.5203,194.903,119.943],[43.1567,223.023,82.8839],[52.6016,233.674,51.3725],[56.5666,237.927,30.7372],[58.2649,239.588,16.474],[[[0.831758,-0.54468,-0.107245],[0.478594,0.605675,0.635693],[-0.281294,-0.58007,0.764456]],[[0.774852,-0.631867,0.0186674],[0.570082,0.711236,0.411279],[-0.273151,-0.308038,0.911318]],[[0.774852,-0.631867,0.0186674],[0.604483,0.749264,0.270561],[-0.184945,-0.19836,0.962522]],[[0.774852,-0.631867,0.0186674],[0.621137,0.766515,0.163228],[-0.117447,-0.114883,0.986412]]],3],[4394,[0.303048,0.0245392,-0.952659],439,39.0906,[72.3389,213.649,34.0527],[75.9767,215.854,36.912],[298.277,228.119,232.477],false,[36.334,187.075,116.253],[55.0896,211.551,83.65],[69.5832,216.532,60.9795],[74.1703,216.903,46.5594],[75.6579,215.607,33.3665],[[[0.703023,-0.700694,-0.121598],[0.575392,0.459941,0.676298],[-0.41795,-0.545419,0.726523]],[[0.511757,-0.847487,0.140963],[0.676448,0.498629,0.542022],[-0.529645,-0.182029,0.828457]],[[0.511757,-0.847487,0.140963],[0.803907,0.530249,0.269387],[-0.303048,-0.0245392,0.952659]],[[0.511757,-0.847487,0.140963],[0.851863,0.521847,0.0447809],[-0.111513,0.0971646,0.989002]]],4]],[[0,200,0],[235.247,235.247,147.751]]],[202224,1479313969,[[439,"right",[0.236405,0.72256,-0.64963],[-0.241361,-0.603957,-0.759592],[30.5653,219.226,94.3972],[270.678,235.705,195.263],[28.5594,217.548,92.9462],0,0,0.501124]],[[4390,[-0.10282,0.384529,-0.917369],439,40.3332,[-13.8282,223.334,53.0906],[-14.2326,224.578,54.1443],[380.816,250.774,85.3724],false,[3.63629,189.524,119.968],[3.63629,189.524,119.968],[-11.7796,209.531,90.737],[-14.4927,219.678,66.5305],[-13.0145,224.755,49.2073],[[[0.640747,0.545837,0.539913],[-0.741792,0.258815,0.618675],[0.197958,-0.796917,0.570732]],[[0.516622,0.808756,0.281098],[-0.757536,0.278736,0.590292],[0.39905,-0.5179,0.756663]],[[0.516622,0.808756,0.281098],[-0.850017,0.44503,0.281813],[0.10282,-0.384529,0.917369]],[[0.516622,0.808756,0.281098],[-0.852315,0.517058,0.0788009],[-0.0816135,-0.280294,0.956438]]],0],[4391,[0.171731,0.481818,-0.859279],439,45.5115,[26.8533,271.157,30.5055],[28.5715,272.578,31.6657],[407.656,240.656,191.731],false,[15.1212,202.548,125.885],[17.3068,240.734,83.7101],[23.6086,258.437,56.2808],[26.821,267.45,40.2074],[28.9045,273.288,28.5281],[[[0.967531,-0.210273,-0.140245],[0.24982,0.711316,0.656978],[-0.0383863,-0.670682,0.740751]],[[0.942975,-0.332858,0.00181657],[0.27363,0.77827,0.565174],[-0.189536,-0.532448,0.82497]],[[0.942975,-0.332858,0.00181657],[0.285142,0.81059,0.511505],[-0.171731,-0.481818,0.859279]],[[0.942975,-0.332858,0.00181657],[0.293205,0.833199,0.46884],[-0.15757,-0.441571,0.883281]]],1],[4392,[0.203119,0.308885,-0.929157],439,51.8567,[47.4525,259.038,18.9918],[49.889,260.371,20.4026],[393.56,226.411,222.365],false,[24.5886,201.808,125.091],[33.7728,236.072,84.3851],[43.1472,250.44,51.2616],[47.6173,257.237,30.8135],[50.0291,260.873,16.9399],[[[0.89659,-0.417112,-0.148807],[0.408892,0.650629,0.639913],[-0.170097,-0.634586,0.753902]],[[0.843924,-0.536427,0.00615904],[0.473958,0.750926,0.459863],[-0.251308,-0.38517,0.887968]],[[0.843924,-0.536427,0.00615904],[0.496523,0.785389,0.369634],[-0.203119,-0.308885,0.929157]],[[0.843924,-0.536427,0.00615904],[0.510187,0.806085,0.299894],[-0.165836,-0.249946,0.953953]]],2],[4393,[0.164932,0.160527,-0.973154],439,49.8616,[60.444,240.267,21.9569],[64.1793,242.176,24.4497],[293.374,171.034,222.627],false,[33.464,198.718,123.651],[48.5116,226.776,87.0935],[58.2828,237.402,55.6733],[61.8188,240.844,34.8101],[62.9029,241.558,20.4088],[[[0.828394,-0.553802,-0.0840557],[0.466274,0.598605,0.651353],[-0.310405,-0.57877,0.754105]],[[0.77422,-0.632345,0.0269072],[0.56633,0.711121,0.416626],[-0.282585,-0.307321,0.90868]],[[0.77422,-0.632345,0.0269072],[0.611049,0.757873,0.228577],[-0.164932,-0.160527,0.973154]],[[0.77422,-0.632345,0.0269072],[0.62846,0.773109,0.0856706],[-0.0749756,-0.0494178,0.99596]]],3],[4394,[0.306377,0.0227751,-0.951638],439,39.0906,[77.6574,217.312,38.4466],[81.6034,219.306,41.5979],[296.44,210.652,240.509],false,[40.2959,190.823,120.142],[60.2866,215.167,88.1808],[74.7587,219.987,65.462],[79.3962,220.332,51.0573],[81.0056,219.073,37.8751],[[[0.698395,-0.70831,-0.10267],[0.560176,0.451681,0.694397],[-0.445474,-0.542477,0.71223]],[[0.507652,-0.849594,0.143104],[0.680144,0.497147,0.538747],[-0.528861,-0.176165,0.830224]],[[0.507652,-0.849594,0.143104],[0.805247,0.526945,0.271858],[-0.306377,-0.0227751,0.951638]],[[0.507652,-0.849594,0.143104],[0.853074,0.518926,0.0545917],[-0.120641,0.0943648,0.988201]]],4]],[[0,200,0],[235.247,235.247,147.751]]],[202225,1479331218,[[439,"right",[0.267799,0.731036,-0.627591],[-0.211043,-0.591056,-0.778533],[34.7583,221.944,98.2264],[258.001,199.808,207.548],[32.8531,220.593,96.6036],0,0,0.541607]],[[4390,[-0.0464031,0.39032,-0.919509],439,40.3332,[-6.87542,226.554,54.6758],[-7.53316,227.703,55.721],[388.846,219.417,88.0539],false,[6.60439,192.004,122.147],[6.60439,192.004,122.147],[-6.98926,212.341,92.2467],[-8.21369,222.64,67.9838],[-5.96783,227.959,50.8164],[[[0.619303,0.534112,0.575489],[-0.766699,0.253416,0.589875],[0.169221,-0.806538,0.566445]],[[0.507389,0.802124,0.314886],[-0.786598,0.281911,0.549353],[0.351879,-0.526425,0.773988]],[[0.507389,0.802124,0.314886],[-0.860467,0.451937,0.235265],[0.0464031,-0.39032,0.919509]],[[0.507389,0.802124,0.314886],[-0.852749,0.519967,0.0495348],[-0.123997,-0.293653,0.947836]]],0],[4391,[0.205487,0.469929,-0.858453],439,45.5115,[33.7982,273.884,34.2747],[35.5609,275.398,35.7938],[405.723,198.312,208.089],false,[17.8835,204.874,128.756],[22.0783,243.683,87.3072],[29.6252,261.457,60.2405],[33.4689,270.247,44.1826],[35.9565,275.779,32.4332],[[[0.971695,-0.213356,-0.101426],[0.224455,0.699911,0.678045],[-0.0736758,-0.681619,0.727989]],[[0.939837,-0.339367,0.0391938],[0.255314,0.773984,0.579451],[-0.226982,-0.534583,0.814064]],[[0.939837,-0.339367,0.0391938],[0.272912,0.81486,0.511392],[-0.205487,-0.469929,0.858453]],[[0.939837,-0.339367,0.0391938],[0.285156,0.842492,0.457048],[-0.188127,-0.418374,0.888578]]],1],[4392,[0.168866,0.223245,-0.960024],439,51.8567,[51.5487,258.993,22.0875],[54.4208,260.468,24.3773],[307.724,94.1341,202.347],false,[27.3728,204.096,128.361],[38.4772,238.922,88.623],[48.2345,252.847,55.4209],[51.9507,257.76,34.2936],[53.3661,259.339,19.9058],[[[0.900211,-0.419655,-0.116234],[0.383829,0.63863,0.666954],[-0.20566,-0.645013,0.735977]],[[0.845308,-0.533714,0.0245774],[0.46587,0.758815,0.455154],[-0.261572,-0.373295,0.890074]],[[0.845308,-0.533714,0.0245774],[0.506891,0.815666,0.278836],[-0.168866,-0.223245,0.960024]],[[0.845308,-0.533714,0.0245774],[0.52534,0.838665,0.143732],[-0.097324,-0.108586,0.989311]]],2],[4393,[0.160245,0.136179,-0.977638],439,49.8616,[64.7831,242.146,26.07],[69.3292,244.335,29.5104],[286.178,143.151,250.091],false,[36.2876,200.98,127.259],[53.0403,229.506,91.8239],[63.4132,240.343,60.6695],[66.8487,243.263,39.7102],[67.6216,243.308,25.2712],[[[0.828621,-0.55694,-0.056607],[0.440412,0.586128,0.680067],[-0.345578,-0.588448,0.730961]],[[0.776239,-0.629195,0.0395902],[0.554492,0.711261,0.432027],[-0.299988,-0.313403,0.900991]],[[0.776239,-0.629195,0.0395902],[0.609734,0.765225,0.206533],[-0.160245,-0.136179,0.977638]],[[0.776239,-0.629195,0.0395902],[0.628169,0.777241,0.0360449],[-0.0534504,-0.00311008,0.998566]]],3],[4394,[0.319598,0.0371909,-0.946823],439,39.0906,[82.3803,220.509,43.0588],[86.9026,222.604,47.1318],[294.246,203.659,272.804],false,[43.2276,193.102,123.929],[64.7017,217.819,93.2415],[79.3974,222.969,70.7396],[84.2351,223.532,56.4078],[86.0938,222.495,43.239],[[[0.69882,-0.710442,-0.0832091],[0.531659,0.438062,0.724873],[-0.478529,-0.550794,0.683839]],[[0.510101,-0.848834,0.138842],[0.671859,0.494016,0.551863],[-0.53703,-0.188224,0.822296]],[[0.510101,-0.848834,0.138842],[0.798532,0.527349,0.290257],[-0.319598,-0.0371909,0.946823]],[[0.510101,-0.848834,0.138842],[0.848752,0.522912,0.0786273],[-0.139344,0.0777342,0.987188]]],4]],[[0,200,0],[235.247,235.247,147.751]]],[202226,1479347870,[[439,"right",[0.293393,0.736962,-0.608939],[-0.179583,-0.583145,-0.79227],[39.5081,225.198,101.649],[270.201,197.838,206.659],[37.2958,223.667,99.9721],0,0,0.559278]],[[4390,[0.00237472,0.392896,-0.91958],439,40.3332,[0.32231,229.982,56.1927],[-0.473749,231.085,57.1956],[407.401,213.05,89.0485],false,[10.3925,195.048,124.111],[10.3925,195.048,124.111],[-1.59246,215.536,93.631],[-1.5298,225.903,69.3662],[1.34086,231.422,52.3558],[[[0.595715,0.527846,0.605395],[-0.789868,0.24826,0.56078],[0.14571,-0.812247,0.564821]],[[0.494342,0.798901,0.342612],[-0.812021,0.28374,0.510013],[0.310237,-0.530329,0.788989]],[[0.494342,0.798901,0.342612],[-0.869264,0.455401,0.192328],[-0.00237472,-0.392896,0.91958]],[[0.494342,0.798901,0.342612],[-0.854696,0.518573,0.0240029],[-0.158493,-0.304695,0.93917]]],0],[4391,[0.230807,0.442522,-0.866546],439,45.5115,[40.6692,276.185,37.4082],[42.544,277.954,39.0744],[410.133,169.371,196.074],false,[21.4006,207.842,131.299],[27.2922,247.055,90.441],[35.8645,264.658,63.5683],[40.1819,272.935,47.359],[42.9384,277.867,35.4044],[[[0.974904,-0.213212,-0.0640477],[0.197114,0.692976,0.693492],[-0.103477,-0.688713,0.717612]],[[0.936837,-0.341612,0.0750769],[0.236354,0.776537,0.584061],[-0.257823,-0.529426,0.80823]],[[0.936837,-0.341612,0.0750769],[0.2628,0.829141,0.493417],[-0.230807,-0.442522,0.866546]],[[0.936837,-0.341612,0.0750769],[0.280847,0.862647,0.420673],[-0.208472,-0.373017,0.904101]]],1],[4392,[0.155373,0.16414,-0.974124],439,51.8567,[55.9812,259.32,25.1246],[59.5765,261.331,27.7575],[301.563,65.1025,199.104],false,[30.8977,207.059,131.282],[43.6218,242.267,92.3735],[53.7879,255.658,59.0744],[57.2072,259.27,37.6367],[58.1533,259.522,23.1265],[[[0.903978,-0.41929,-0.0837856],[0.356776,0.631664,0.688267],[-0.235659,-0.65207,0.720603]],[[0.847464,-0.52885,0.0460595],[0.455557,0.769062,0.448343],[-0.272529,-0.358972,0.892674]],[[0.847464,-0.52885,0.0460595],[0.507606,0.832692,0.221272],[-0.155373,-0.16414,0.974124]],[[0.847464,-0.52885,0.0460595],[0.526851,0.848538,0.0491129],[-0.0650566,-0.017355,0.997731]]],2],[4393,[0.169448,0.125964,-0.977456],439,49.8616,[69.7272,244.595,30.1798],[75.28,247.397,34.1124],[315.423,161.514,260.583],false,[39.8483,203.946,130.511],[58.0385,232.807,96.0688],[69.051,243.876,65.2173],[72.6837,246.577,44.2618],[73.4797,246.3,29.8268],[[[0.829961,-0.557094,-0.0284741],[0.412755,0.578985,0.703142],[-0.37523,-0.595334,0.710479]],[[0.780273,-0.623018,0.0549771],[0.538278,0.713695,0.448215],[-0.318483,-0.320137,0.892234]],[[0.780273,-0.623018,0.0549771],[0.602048,0.771998,0.203856],[-0.169448,-0.125964,0.977456]],[[0.780273,-0.623018,0.0549771],[0.623012,0.781973,0.0193528],[-0.0550478,0.0191509,0.9983]]],3],[4394,[0.318832,0.0485659,-0.946566],439,39.0906,[86.8897,223.917,47.4022],[92.1112,226.441,51.9825],[293.627,218.54,275.776],false,[46.9139,196.096,127.387],[69.6271,221.095,97.8423],[84.2593,226.64,75.3927],[89.0853,227.375,61.0648],[90.9785,226.47,47.8912],[[[0.70127,-0.710209,-0.061838],[0.502037,0.430402,0.750142],[-0.506142,-0.557097,0.658379]],[[0.523043,-0.841868,0.132982],[0.66371,0.500203,0.556134],[-0.53471,-0.20262,0.820384]],[[0.523043,-0.841868,0.132982],[0.790426,0.537493,0.293817],[-0.318832,-0.0485659,0.946566]],[[0.523043,-0.841868,0.132982],[0.840407,0.535405,0.0840076],[-0.141923,0.0678197,0.987552]]],4]],[[0,200,0],[235.247,235.247,147.751]]],[202227,1479364214,[[439,"right",[0.322862,0.764576,-0.557838],[-0.127285,-0.548971,-0.826093],[43.3645,227.788,105.218],[255.07,180.453,211.819],[41.1595,226.291,103.312],0,0,0.566365]],[[4390,[0.0661627,0.426159,-0.902226],439,40.3332,[7.66733,234.024,57.5095],[6.67497,235.059,58.4538],[424.58,228.138,84.7525],false,[13.2197,196.517,124.573],[13.2197,196.517,124.573],[3.29277,218.113,94.1194],[5.03859,229.358,70.3125],[8.8518,235.637,53.7568],[[[0.554236,0.504311,0.662188],[-0.823852,0.218914,0.522824],[0.118703,-0.835312,0.536808]],[[0.466276,0.786204,0.40555],[-0.846496,0.263361,0.462693],[0.256965,-0.559039,0.788318]],[[0.466276,0.786204,0.40555],[-0.882162,0.447518,0.14669],[-0.0661627,-0.426159,0.902226]],[[0.466276,0.786204,0.40555],[-0.859222,0.511588,-0.00389017],[-0.210533,-0.346644,0.914065]]],0],[4391,[0.257908,0.412725,-0.87358],439,45.5115,[46.8794,278.267,41.2214],[48.9099,280.584,43.6963],[397.369,151.027,219.851],false,[23.6734,209.048,132.953],[31.6531,250.043,94.257],[41.393,267.917,67.9677],[46.2173,275.638,51.6268],[49.2278,279.774,39.4339],[[[0.978743,-0.20455,-0.0148743],[0.149732,0.663116,0.733387],[-0.140151,-0.720025,0.679648]],[[0.93375,-0.338733,0.115637],[0.205664,0.772174,0.601206],[-0.29294,-0.537594,0.790683]],[[0.93375,-0.338733,0.115637],[0.248184,0.845528,0.472744],[-0.257908,-0.412725,0.87358]],[[0.93375,-0.338733,0.115637],[0.276182,0.887362,0.369205],[-0.227674,-0.312809,0.922125]]],1],[4392,[0.19618,0.191999,-0.961587],439,51.8567,[61.9702,262.903,29.9992],[66.5814,266.394,33.7995],[361.766,179.75,275.377],false,[33.161,208.321,133.47],[47.8787,245.27,96.9523],[59.6329,260.164,64.8352],[63.9503,264.389,43.6734],[65.4329,264.884,29.2144],[[[0.910847,-0.409976,-0.0477199],[0.309931,0.603019,0.735058],[-0.27258,-0.684316,0.676323]],[[0.850372,-0.521592,0.0693451],[0.421397,0.754011,0.503876],[-0.315105,-0.399261,0.860988]],[[0.850372,-0.521592,0.0693451],[0.488242,0.831311,0.265596],[-0.19618,-0.191999,0.961587]],[[0.850372,-0.521592,0.0693451],[0.516211,0.852516,0.0821106],[-0.101946,-0.0340279,0.994208]]],2],[4393,[0.200524,0.15166,-0.967879],439,49.8616,[75.0846,248.264,35.1807],[81.5262,252.336,40.4161],[344.017,223.417,312.09],false,[42.1674,205.297,133.101],[62.1292,235.741,101.089],[74.2869,248.066,71.1571],[78.5859,251.317,50.407],[79.7858,251.287,35.9972],[[[0.834834,-0.550494,-0.00294843],[0.365368,0.550066,0.750955],[-0.411774,-0.628,0.660346]],[[0.786674,-0.613743,0.0668126],[0.507464,0.704465,0.496195],[-0.351603,-0.356439,0.865636]],[[0.786674,-0.613743,0.0668126],[0.583896,0.774802,0.242377],[-0.200524,-0.15166,0.967879]],[[0.786674,-0.613743,0.0668126],[0.611766,0.789503,0.0492631],[-0.0829837,0.00211968,0.996549]]],3],[4394,[0.349332,0.0955382,-0.932116],439,39.0906,[91.6669,228.153,52.4833],[97.7037,231.715,58.3133],[313.454,267.516,322.922],false,[49.4718,197.632,130.068],[73.6898,224.031,103.043],[88.9715,230.844,81.3889],[94.2592,232.29,67.2798],[96.6183,231.994,54.1537],[[[0.709643,-0.702747,-0.0505395],[0.452943,0.400089,0.796725],[-0.539676,-0.588282,0.602225]],[[0.536072,-0.836276,0.115191],[0.633063,0.48852,0.600483],[-0.558442,-0.248979,0.791298]],[[0.536072,-0.836276,0.115191],[0.768501,0.539921,0.343354],[-0.349332,-0.0955382,0.932116]],[[0.536072,-0.836276,0.115191],[0.82544,0.54786,0.136011],[-0.176851,0.022171,0.983988]]],4]],[[0,200,0],[235.247,235.247,147.751]]],[202228,1479380163,[[439,"right",[0.354932,0.811266,-0.464619],[-0.050114,-0.479751,-0.875972],[46.0504,230.012,109.244],[217.472,162.661,229.425],[43.9596,228.422,106.708],0,0,0.451303]],[[4390,[0.149596,0.488804,-0.859472],439,40.3332,[15.2639,239.216,58.9872],[14.0622,240.268,59.9364],[446.214,270.98,88.1498],false,[14.937,196.956,123.403],[14.937,196.956,123.403],[7.6992,220.652,93.7628],[11.6466,233.55,71.0841],[16.7052,241.156,55.444],[[[0.489739,0.452928,0.744991],[-0.867419,0.166901,0.468751],[0.087971,-0.875786,0.474616]],[[0.417453,0.756755,0.503046],[-0.889175,0.226043,0.397835],[0.187353,-0.613373,0.767249]],[[0.417453,0.756755,0.503046],[-0.8963,0.434042,0.0908449],[-0.149596,-0.488804,0.859472]],[[0.417453,0.756755,0.503046],[-0.864713,0.500971,-0.0360509],[-0.279293,-0.419941,0.863507]]],0],[4391,[0.295937,0.398126,-0.868284],439,45.5115,[52.2556,280.87,46.4399],[54.6932,284.022,50.4218],[380.204,167.364,291.207],false,[24.4616,208.848,133.62],[34.9138,252.986,99.2066],[46.0665,271.658,74.0573],[51.6022,279.105,57.8155],[55.0305,282.646,45.5459],[[[0.979889,-0.193237,0.0497727],[0.0782113,0.601402,0.795109],[-0.183578,-0.775226,0.604421]],[[0.927942,-0.335458,0.162455],[0.16251,0.756383,0.633621],[-0.335431,-0.561562,0.756395]],[[0.927942,-0.335458,0.162455],[0.226595,0.853794,0.468712],[-0.295937,-0.398126,0.868284]],[[0.927942,-0.335458,0.162455],[0.267767,0.903179,0.335513],[-0.259277,-0.267837,0.927922]]],1],[4392,[0.276602,0.283493,-0.918217],439,51.8567,[68.9173,269.546,37.5088],[74.4724,274.92,43.5459],[431.522,348.957,423.644],false,[33.8856,208.172,134.861],[50.9399,248.162,102.84],[65.2484,266.217,73.5019],[71.3356,272.456,53.2946],[74.0506,274.276,39.1233],[[[0.918291,-0.39587,-0.00530628],[0.238698,0.542909,0.805154],[-0.315856,-0.740632,0.593042]],[[0.850466,-0.517096,0.0965428],[0.359966,0.705923,0.609998],[-0.383579,-0.48403,0.7865]],[[0.850466,-0.517096,0.0965428],[0.447437,0.807616,0.38413],[-0.276602,-0.283493,0.918218]],[[0.850466,-0.517096,0.0965428],[0.491789,0.846733,0.202944],[-0.186688,-0.125119,0.974419]]],2],[4393,[0.254132,0.218638,-0.942133],439,49.8616,[80.4174,253.411,41.6334],[87.735,259.538,49.4122],[364.574,324.174,415.447],false,[42.9402,205.275,134.995],[64.9576,238.459,107.352],[78.7686,253.212,79.2946],[84.2169,257.9,59.0964],[86.211,258.759,44.8007],[[[0.841177,-0.540339,0.0213419],[0.293505,0.489353,0.821212],[-0.454176,-0.684521,0.570224]],[[0.79491,-0.602113,0.0746889],[0.45671,0.674851,0.579649],[-0.399418,-0.426657,0.811436]],[[0.79491,-0.602113,0.0746889],[0.550941,0.767892,0.326813],[-0.254132,-0.218638,0.942133]],[[0.79491,-0.602113,0.0746889],[0.590847,0.796196,0.130276],[-0.137908,-0.059428,0.988661]]],3],[4394,[0.413506,0.181443,-0.892239],439,39.0906,[96.5232,233.314,58.8868],[103.461,238.589,67.2058],[337.333,342.47,424.197],false,[50.5934,197.958,131.962],[76.5095,226.738,109.294],[93.1367,235.663,89.477],[99.3958,238.41,75.9714],[102.717,239.286,63.0815],[[[0.722821,-0.689311,-0.0487876],[0.37948,0.336942,0.861664],[-0.577516,-0.641343,0.505128]],[[0.547496,-0.832538,0.0844333],[0.575374,0.447791,0.684418],[-0.607613,-0.326136,0.724184]],[[0.547496,-0.832538,0.0844333],[0.727503,0.523411,0.443599],[-0.413506,-0.181443,0.892239]],[[0.547496,-0.832538,0.0844333],[0.798919,0.550056,0.243241],[-0.24895,-0.0657179,0.966284]]],4]],[[0,200,0],[235.247,235.247,147.751]]],[202229,1479411809,[[439,"right",[0.39017,0.848359,-0.357848],[0.029955,-0.400141,-0.915964],[50.9724,233.326,115.95],[175.566,123.457,217.588],[48.7447,231.768,113.014],0,0,0.323675]],[[4390,[0.267865,0.533855,-0.802027],439,40.3332,[27.9082,245.566,63.4007],[25.9449,246.612,64.3324],[409.079,219.516,121.843],false,[18.9094,199.222,124.325],[18.9094,199.222,124.325],[15.5593,224.914,95.67],[22.6274,239.001,74.5071],[29.5082,247.538,60.0912],[[[0.419651,0.383943,0.822485],[-0.906282,0.126856,0.403188],[0.0504645,-0.914601,0.401196]],[[0.365636,0.713844,0.597275],[-0.926709,0.219417,0.305068],[0.0867185,-0.665044,0.741752]],[[0.365636,0.713844,0.597275],[-0.89138,0.453239,0.00398278],[-0.267865,-0.533855,0.802027]],[[0.365636,0.713844,0.597275],[-0.849699,0.517922,-0.0988396],[-0.379897,-0.471364,0.795923]]],0],[4391,[0.35632,0.424914,-0.832156],439,45.5115,[61.6296,286.758,56.9636],[63.9246,289.915,61.1492],[322.956,185.858,325.154],false,[27.4312,210.139,136.356],[40.6413,257.126,107.04],[53.6901,277.184,83.9555],[60.3553,285.132,68.3894],[64.5642,288.848,56.4179],[[[0.972702,-0.1993,0.118875],[0.00451223,0.528408,0.848979],[-0.232016,-0.825267,0.514882]],[[0.912645,-0.349185,0.212484],[0.114258,0.717043,0.687601],[-0.39246,-0.603257,0.694303]],[[0.912645,-0.349185,0.212484],[0.200289,0.835175,0.512217],[-0.35632,-0.424914,0.832156]],[[0.912645,-0.349185,0.212484],[0.256437,0.893927,0.367607],[-0.318308,-0.281006,0.905382]]],1],[4392,[0.364728,0.384946,-0.847815],439,51.8567,[80.5202,280.523,52.0552],[84.9852,284.516,57.7006],[375.942,335.501,450.006],false,[36.7124,209.333,138.36],[56.31,251.959,111.635],[73.2984,273.198,86.1048],[81.325,281.67,67.4468],[85.4254,285.048,53.9087],[[[0.917296,-0.396105,0.0408611],[0.163799,0.46886,0.867952],[-0.362958,-0.789475,0.494965]],[[0.842366,-0.524377,0.124293],[0.288117,0.633124,0.71843],[-0.4