{"metadata":{"formatVersion":2,"generatedBy":"LeapJS Playback 0.2.1","frames":263,"protocolVersion":6,"serviceVersion":"2.1.4+22333","frameRate":"49","modified":"Sun Oct 05 2014 00:34:58 GMT-0700 (Pacific Daylight Time)"},"frames":[["id","timestamp",{"hands":[["id","type","direction","palmNormal","palmPosition","palmVelocity","stabilizedPalmPosition","pinchStrength","grabStrength","confidence"]]},{"pointables":[["id","direction","handId","length","stabilizedTipPosition","tipPosition","tipVelocity","tool","carpPosition","mcpPosition","pipPosition","dipPosition","btipPosition","bases","type"]]},{"interactionBox":["center","size"]}],[415125,551347341,[[558,"right",[-0.219575,0.33321,-0.916928],[-0.103218,-0.942525,-0.317795],[-63.5455,98.4903,67.9341],[1.19209e-7,1.19209e-7,1.19209e-7],[-63.5455,98.4903,67.9341],0.0578397,0,0]],[[5580,[-0.726781,-0.0212139,-0.686541],558,46.6739,[-132.574,72.5145,51.5271],[-132.574,72.5145,51.5271],[1.19209e-7,1.19209e-7,1.19209e-7],false,[-70.9981,76.3501,117.758],[-70.9981,76.3501,117.758],[-97.103,72.6945,81.6509],[-119.295,72.0468,60.6873],[-136.541,72.6542,48.791],[[[0.439848,0.898035,0.00820366],[-0.648894,0.31148,0.694203],[0.620863,-0.310667,0.719733]],[[0.19913,0.95009,-0.240159],[-0.786996,0.30107,0.538511],[0.583938,0.0817708,0.807669]],[[0.19913,0.95009,-0.240159],[-0.65737,0.311255,0.686283],[0.726781,0.0212139,0.686541]],[[0.19913,0.95009,-0.240159],[-0.532298,0.310628,0.787508],[0.822804,-0.0289804,0.567586]]],0],[5581,[-0.296647,-0.647832,-0.701651],558,52.6663,[-112.981,88.9989,1.82823],[-112.981,88.9989,1.82823],[1.19209e-7,1.19209e-7,1.19209e-7],false,[-64.2876,95.8686,112.792],[-90.0136,108.332,53.4298],[-106.097,114.619,19.0467],[-112.518,100.595,3.85856],[-113.12,85.535,1.22177],[[[0.919481,0.0314364,-0.391876],[0.0458037,0.981443,0.186203],[0.390458,-0.18916,0.900978]],[[0.907757,0.0369149,-0.417869],[0.0352909,0.985869,0.163757],[0.418009,-0.163398,0.893627]],[[0.907757,0.0369149,-0.417869],[-0.29661,0.760888,-0.577123],[0.296647,0.647832,0.701651]],[[0.907757,0.0369149,-0.417869],[-0.417651,0.17285,-0.892015],[0.0393001,0.984256,0.172324]]],1],[5582,[-0.28093,-0.656124,-0.700414],558,60.009,[-88.9106,86.6806,-11.8433],[-88.9106,86.6806,-11.8433],[1.19209e-7,1.19209e-7,1.19209e-7],false,[-54.3933,97.8075,108.326],[-70.7011,109.698,49.1931],[-79.133,116.01,7.33091],[-86.2873,99.3005,-10.5064],[-89.6942,82.9111,-12.2426],[[[0.942408,-0.162185,-0.292511],[0.209155,0.968237,0.137007],[0.260999,-0.190296,0.946397]],[[0.959502,-0.176162,-0.219825],[0.202982,0.973439,0.105896],[0.195331,-0.146228,0.969775]],[[0.959502,-0.176162,-0.219825],[-0.0208455,0.733804,-0.679041],[0.28093,0.656124,0.700414]],[[0.959502,-0.176162,-0.219825],[-0.195902,0.143487,-0.970069],[0.202431,0.973847,0.103165]]],2],[5583,[-0.246128,-0.398431,-0.883557],558,57.7003,[-68.0747,82.8824,-20.9362],[-68.0747,82.8824,-20.9362],[1.19209e-7,1.19209e-7,1.19209e-7],false,[-44.0988,96.9525,104.539],[-50.4449,107.286,49.7665],[-58.4842,99.6153,11.3266],[-64.5904,89.7306,-10.5937],[-69.1155,80.8369,-24.0256],[[[0.952078,-0.260946,-0.159543],[0.284165,0.947616,0.145857],[0.113124,-0.184204,0.976356]],[[0.953466,-0.263314,-0.146863],[0.224803,0.945471,-0.235686],[0.200914,0.191703,0.960668]],[[0.953466,-0.263314,-0.146863],[0.174138,0.878589,-0.444699],[0.246128,0.398431,0.883557]],[[0.953466,-0.263314,-0.146863],[0.133309,0.805086,-0.577984],[0.270428,0.53151,0.802724]]],3],[5584,[-0.200135,-0.227884,-0.952898],558,45.2359,[-43.3864,89.6777,-7.72067],[-43.3864,89.6777,-7.72067],[1.19209e-7,1.19209e-7,1.19209e-7],false,[-34.005,89.6807,101.764],[-32.454,100.776,51.057],[-37.0715,97.3558,19.916],[-40.5772,93.3642,3.22479],[-44.2255,88.5766,-10.9901],[[[0.898645,-0.433474,-0.0673598],[0.437659,0.875472,0.204949],[-0.0298685,-0.213657,0.976452]],[[0.899054,-0.429276,-0.0861657],[0.412843,0.896693,-0.159696],[0.145818,0.108002,0.983399]],[[0.899054,-0.429276,-0.0861657],[0.389421,0.873951,-0.290793],[0.200135,0.227884,0.952898]],[[0.899054,-0.429276,-0.0861657],[0.368574,0.848254,-0.380287],[0.236339,0.31014,0.920846]]],4]],[[0,200,0],[235.247,235.247,147.751]]],[415126,551356036,[[558,"right",[-0.228468,0.384333,-0.894478],[-0.137484,-0.922308,-0.361174],[-60.5881,100.557,68.9094],[340.122,237.649,112.164],[-63.3937,98.5963,67.9841],0.0867759,0,0.041543]],[[5580,[-0.737242,0.0348855,-0.674727],558,46.6739,[-132.298,73.1037,51.6088],[-130.378,77.4429,52.4088],[267.382,569.515,78.9409],false,[-67.664,76.1965,117.742],[-67.664,76.1965,117.742],[-94.5487,75.1931,82.0386],[-117.06,76.2583,61.4358],[-134.189,77.8273,49.4588],[[[0.466216,0.883652,0.0424478],[-0.625009,0.295039,0.722714],[0.626104,-0.363472,0.689842]],[[0.224314,0.954657,-0.195738],[-0.766827,0.296861,0.569078],[0.601382,0.0224453,0.798647]],[[0.224314,0.954657,-0.195738],[-0.637305,0.295657,0.711639],[0.737242,-0.0348855,0.674727]],[[0.224314,0.954657,-0.195738],[-0.530871,0.288143,0.796963],[0.817227,-0.074858,0.571434]]],0],[5581,[-0.324471,-0.616926,-0.717022],558,52.6663,[-112.758,89.8491,2.10397],[-111.489,95.1954,3.68606],[178.931,680.729,220.77],false,[-60.4843,95.7382,113.591],[-87.0472,111.853,55.4896],[-103.635,119.777,21.6896],[-110.659,106.423,6.16876],[-111.654,91.4812,3.02469],[[[0.911752,0.024645,-0.41],[0.0785481,0.969314,0.232939],[0.40316,-0.244588,0.881839]],[[0.900167,0.0314493,-0.434408],[0.0618357,0.978059,0.198942],[0.431133,-0.205943,0.878471]],[[0.900167,0.0314493,-0.434408],[-0.290547,0.786393,-0.545132],[0.324471,0.616926,0.717022]],[[0.900167,0.0314493,-0.434408],[-0.430661,0.213219,-0.876966],[0.0650438,0.976498,0.205476]]],1],[5582,[-0.31665,-0.614456,-0.722617],558,60.009,[-88.7795,87.8275,-11.6353],[-88.0711,93.3397,-10.6891],[86.8258,759.641,137.769],false,[-50.6312,97.6138,109.008],[-67.7941,112.878,50.901],[-77.0803,121.4,9.61527],[-85.1444,105.752,-8.78749],[-89.0551,89.562,-11.2003],[[[0.930999,-0.174234,-0.320754],[0.240392,0.953921,0.179574],[0.274686,-0.24429,0.929984]],[[0.948389,-0.191403,-0.252829],[0.23298,0.961449,0.146071],[0.215124,-0.197436,0.956421]],[[0.948389,-0.191403,-0.252829],[-0.0170409,0.765381,-0.643352],[0.31665,0.614456,0.722617]],[[0.948389,-0.191403,-0.252829],[-0.21578,0.194721,-0.956829],[0.232372,0.962002,0.14337]]],2],[5583,[-0.274375,-0.336689,-0.900755],558,57.7003,[-67.9586,84.1432,-20.8924],[-67.4264,89.628,-20.6015],[71.9764,781.832,27.2165],false,[-40.4464,96.655,104.958],[-47.6103,109.865,50.91],[-56.7881,103.974,12.4111],[-63.595,95.6213,-9.93577],[-68.6,87.9059,-23.9148],[[[0.940485,-0.279696,-0.193021],[0.314927,0.930761,0.185753],[0.127702,-0.235486,0.963451]],[[0.941965,-0.282532,-0.181321],[0.24514,0.947892,-0.203487],[0.229364,0.147229,0.962141]],[[0.941965,-0.282532,-0.181321],[0.193443,0.898229,-0.394669],[0.274375,0.336689,0.900755]],[[0.941965,-0.282532,-0.181321],[0.152428,0.841174,-0.518837],[0.299111,0.461088,0.835423]]],3],[5584,[-0.219217,-0.177972,-0.959307],558,45.2359,[-43.1939,90.286,-7.70405],[-41.9195,94.8729,-7.54948],[188.065,594.53,16.2496],false,[-30.6307,89.2455,101.61],[-29.7965,102.79,51.4844],[-34.8288,101.106,20.2656],[-38.6687,97.9887,3.46208],[-42.6719,93.9088,-10.8775],[[[0.883895,-0.454989,-0.108236],[0.46741,0.851442,0.237854],[-0.0160647,-0.260829,0.965251]],[[0.884013,-0.452299,-0.1181],[0.439621,0.890279,-0.118892],[0.158917,0.0531832,0.985859]],[[0.884013,-0.452299,-0.1181],[0.412875,0.873929,-0.256481],[0.219217,0.177972,0.959307]],[[0.884013,-0.452299,-0.1181],[0.388936,0.851805,-0.350936],[0.259326,0.264299,0.928922]]],4]],[[0,200,0],[235.247,235.247,147.751]]],[415127,551364732,[[558,"right",[-0.218432,0.435063,-0.873503],[-0.161432,-0.898895,-0.407341],[-56.9655,105.085,70.8256],[360.514,313.129,141.016],[-62.5779,99.4198,68.3448],0.105664,0,0.083717]],[[5580,[-0.734707,0.0902428,-0.672356],558,46.6739,[-130.748,76.5791,51.9833],[-127.223,84.7667,53.1287],[293.907,644.138,78.1679],false,[-64.6705,78.468,118.368],[-64.6705,78.468,118.368],[-91.5983,80.0999,82.7206],[-114.033,82.8555,62.1903],[-130.951,85.4488,50.0922],[[[0.489036,0.867952,0.0866167],[-0.617098,0.274086,0.737609],[0.616469,-0.414168,0.66965]],[[0.250887,0.956987,-0.145708],[-0.757781,0.287824,0.585598],[0.602348,-0.0365045,0.797399]],[[0.250887,0.956987,-0.145708],[-0.630287,0.275738,0.725746],[0.734707,-0.0902428,0.672356]],[[0.250887,0.956987,-0.145708],[-0.534353,0.262425,0.803493],[0.80717,-0.123727,0.577208]]],0],[5581,[-0.334169,-0.586296,-0.737962],558,52.6663,[-110.988,94.4875,3.37078],[-107.813,103.709,5.64428],[245.933,751.536,222.856],false,[-56.9853,98.0023,115.205],[-83.1224,117.731,58.0326],[-99.4747,127.236,24.5266],[-106.708,114.545,8.55241],[-107.976,99.7416,4.8943],[[[0.912069,0.0217514,-0.409459],[0.103734,0.953867,0.281738],[0.396698,-0.299439,0.867737]],[[0.901562,0.0294472,-0.431646],[0.0809875,0.968559,0.235231],[0.425002,-0.247034,0.870832]],[[0.901562,0.0294472,-0.431646],[-0.274803,0.809561,-0.518742],[0.334169,0.586296,0.737962]],[[0.901562,0.0294472,-0.431646],[-0.42464,0.251304,-0.869785],[0.0828616,0.96746,0.239071]]],1],[5582,[-0.335713,-0.576121,-0.745239],558,60.009,[-87.3369,93.4042,-10.484],[-84.8981,102.205,-8.83002],[156.468,822.355,159.995],false,[-47.0868,99.8517,110.71],[-63.8494,118.487,53.4757],[-73.2675,128.905,12.6571],[-81.8171,114.233,-6.32171],[-86.1191,98.2638,-9.43973],[[[0.926142,-0.181836,-0.33045],[0.265121,0.937007,0.22744],[0.268277,-0.298251,0.91601]],[[0.941952,-0.201295,-0.268712],[0.255193,0.949337,0.183403],[0.21818,-0.24133,0.945599]],[[0.941952,-0.201295,-0.268712],[-0.00479806,0.79219,-0.610256],[0.335713,0.576121,0.745239]],[[0.941952,-0.201295,-0.268712],[-0.217676,0.243205,-0.945235],[0.255623,0.948858,0.185271]]],2],[5583,[-0.284814,-0.273747,-0.918664],558,57.7003,[-66.4986,90.2997,-20.2526],[-64.2525,99.159,-19.1754],[147.708,869.725,62.4905],false,[-36.9306,98.8356,106.603],[-43.7507,114.955,53.3044],[-53.2769,111.211,14.6219],[-60.3429,104.419,-8.1693],[-65.5514,97.8298,-22.6412],[[[0.932888,-0.293859,-0.208249],[0.339029,0.911636,0.232335],[0.121574,-0.287344,0.950081]],[[0.933751,-0.29595,-0.201303],[0.267266,0.950609,-0.157836],[0.238072,0.0935782,0.966729]],[[0.933751,-0.29595,-0.201303],[0.216773,0.915137,-0.339902],[0.284814,0.273747,0.918664]],[[0.933751,-0.29595,-0.201303],[0.176685,0.870243,-0.459846],[0.311274,0.393815,0.86488]]],3],[5584,[-0.215751,-0.1236,-0.968594],558,45.2359,[-41.5528,94.0703,-7.17922],[-38.1189,102.766,-5.90911],[259.084,677.539,60.9911],false,[-27.311,91.3534,102.869],[-26.1268,107.4,53.4947],[-30.9523,107.377,22.1978],[-34.7314,105.212,5.23166],[-38.7164,101.981,-9.32776],[[[0.871761,-0.471703,-0.132394],[0.4894,0.825841,0.280134],[-0.0228035,-0.309004,0.950787]],[[0.8718,-0.471159,-0.134067],[0.465558,0.882048,-0.0724365],[0.152382,0.000734336,0.988321]],[[0.8718,-0.471159,-0.134067],[0.439791,0.873346,-0.209407],[0.215751,0.1236,0.968594]],[[0.8718,-0.471159,-0.134067],[0.416322,0.85686,-0.304082],[0.258147,0.209284,0.943165]]],4]],[[0,200,0],[235.247,235.247,147.751]]],[415128,551373427,[[558,"right",[-0.201077,0.471,-0.858911],[-0.166092,-0.880516,-0.443965],[-52.8894,111.663,73.1504],[389.384,431.372,174.709],[-60.1714,102.461,69.5384],0.123048,0,0.127051]],[[5580,[-0.723218,0.128164,-0.678624],558,46.6739,[-127.229,84.0528,52.6076],[-123.057,93.0906,53.6476],[343.456,730.601,72.7474],false,[-61.5698,83.3302,119.519],[-61.5698,83.3302,119.519],[-88.0651,86.8469,83.6837],[-110.149,90.7604,62.9619],[-126.693,94.0229,50.5149],[[[0.497791,0.857982,0.126768],[-0.62419,0.25293,0.739198],[0.602155,-0.447094,0.66145]],[[0.266425,0.958343,-0.102941],[-0.760102,0.274574,0.588943],[0.592675,-0.0786633,0.801591]],[[0.266425,0.958343,-0.102941],[-0.637161,0.255251,0.727236],[0.723218,-0.128164,0.678624]],[[0.266425,0.958343,-0.102941],[-0.553096,0.239477,0.797957],[0.789369,-0.155659,0.593858]]],0],[5581,[-0.323576,-0.570311,-0.755012],558,52.6663,[-107.398,101.745,5.12246],[-102.608,112.658,7.44903],[342.14,817.503,219.293],false,[-53.6151,102.877,117.218],[-78.7157,125.109,60.5016],[-94.4328,135.514,26.959],[-101.437,123.169,10.6157],[-102.699,108.446,6.64366],[[[0.917926,0.026453,-0.395869],[0.110805,0.940981,0.319809],[0.380965,-0.337425,0.860819]],[[0.909019,0.0341247,-0.415356],[0.0825712,0.962137,0.259757],[0.408494,-0.27042,0.871783]],[[0.909019,0.0341247,-0.415356],[-0.262647,0.82072,-0.507382],[0.323576,0.570311,0.755012]],[[0.909019,0.0341247,-0.415356],[-0.408509,0.270236,-0.871833],[0.0824932,0.962189,0.25959]]],1],[5582,[-0.337136,-0.556538,-0.759345],558,60.009,[-84.4364,100.961,-8.74167],[-80.2241,111.348,-6.65511],[251.146,873.169,185.915],false,[-43.6337,104.778,112.933],[-59.373,125.806,56.2399],[-68.7105,137.111,15.6396],[-77.2963,122.938,-3.69852],[-81.6931,107.102,-7.31891],[[[0.928527,-0.180182,-0.32461],[0.272733,0.92427,0.2671],[0.251901,-0.336541,0.907351]],[[0.941456,-0.199204,-0.27199],[0.258591,0.944315,0.203469],[0.216312,-0.261892,0.940543]],[[0.941456,-0.199204,-0.27199],[-0.000108467,0.806588,-0.591115],[0.337136,0.556538,0.759345]],[[0.941456,-0.199204,-0.27199],[-0.213088,0.273586,-0.937947],[0.261255,0.940994,0.215121]]],2],[5583,[-0.278904,-0.212185,-0.936584],558,57.7003,[-63.3404,99.5759,-18.9795],[-59.295,110.283,-17.2167],[257.487,991.768,103.65],false,[-33.4332,103.798,108.928],[-39.3162,122.04,56.2054],[-48.6289,120.372,17.3263],[-55.5483,115.108,-5.90955],[-60.6666,109.626,-20.8675],[[[0.932256,-0.296902,-0.206753],[0.346266,0.897835,0.272013],[0.104869,-0.325178,0.93982]],[[0.931828,-0.295596,-0.21052],[0.27844,0.954403,-0.107636],[0.232738,0.0416812,0.971646]],[[0.931828,-0.295596,-0.21052],[0.232181,0.931451,-0.280163],[0.278904,0.212185,0.936584]],[[0.931828,-0.295596,-0.21052],[0.195271,0.89738,-0.395699],[0.305884,0.327615,0.893926]]],3],[5584,[-0.191987,-0.0834152,-0.977846],558,45.2359,[-37.257,102.111,-5.55047],[-32.495,112.033,-3.43458],[368.476,780.968,119.229],false,[-23.8494,96.3494,105.039],[-21.7854,114.27,56.343],[-25.815,115.446,24.9558],[-29.1779,113.985,7.82759],[-32.817,111.391,-6.94811],[[[0.868014,-0.476782,-0.138673],[0.494946,0.808447,0.318499],[-0.039745,-0.345098,0.937725]],[[0.867578,-0.480178,-0.129376],[0.480746,0.876384,-0.0288768],[0.127249,-0.0371441,0.991175]],[[0.867578,-0.480178,-0.129376],[0.458748,0.873196,-0.164557],[0.191987,0.0834152,0.977846]],[[0.867578,-0.480178,-0.129376],[0.437873,0.860924,-0.258992],[0.235745,0.168046,0.957175]]],4]],[[0,200,0],[235.247,235.247,147.751]]],[415129,551399514,[[558,"right",[-0.117223,0.555119,-0.82347],[-0.119657,-0.83104,-0.543189],[-39.2994,140.584,83.2054],[469.064,841.552,302.334],[-41.8814,135.868,81.5147],0.145915,0,0.230488]],[[5580,[-0.652778,0.203372,-0.72974],558,46.6739,[-108.474,121.937,54.7355],[-107.109,124.774,55.147],[506.062,1026.29,64.2948],false,[-52.4055,107.866,125.465],[-52.4055,107.866,125.465],[-75.4205,115.304,87.8684],[-95.3531,121.514,65.5857],[-110.381,126.13,51.7229],[[[0.480862,0.837599,0.259228],[-0.694163,0.183065,0.696151],[0.535639,-0.514699,0.669459]],[[0.27521,0.96114,0.0216761],[-0.811922,0.220292,0.540605],[0.514822,-0.16638,0.840997]],[[0.27521,0.96114,0.0216761],[-0.705791,0.186682,0.683381],[0.652778,-0.203372,0.72974]],[[0.27521,0.96114,0.0216761],[-0.640478,0.166485,0.749713],[0.716971,-0.220212,0.661408]]],0],[5581,[-0.237535,-0.517322,-0.822165],558,52.6663,[-84.3037,141.633,12.8485],[-82.0154,147.234,13.612],[615.094,1117.61,229.342],false,[-44.3125,127.487,125.902],[-63.7971,155.403,69.4919],[-76.0641,168.387,35.4135],[-81.2059,157.189,17.6167],[-81.8817,142.768,12.5441],[[[0.952193,0.0588403,-0.299777],[0.0766366,0.903892,0.42084],[0.295728,-0.423695,0.85617]],[[0.946625,0.06658,-0.315386],[0.0474578,0.938985,0.340669],[0.318825,-0.337453,0.885707]],[[0.946625,0.06658,-0.315386],[-0.217896,0.853197,-0.473895],[0.237535,0.517322,0.822165]],[[0.946625,0.06658,-0.315386],[-0.319297,0.327748,-0.889174],[0.0441662,0.942416,0.331514]]],1],[5582,[-0.272328,-0.50713,-0.817714],558,60.009,[-62.8722,141.236,1.1305],[-59.7663,146.612,1.97163],[565.386,1151.01,274.355],false,[-33.9644,129.73,122.822],[-44.132,156.378,67.2292],[-50.6653,170.386,26.9245],[-57.6006,157.471,6.09994],[-61.4888,141.911,1.00032],[[[0.956283,-0.153903,-0.24867],[0.242987,0.891305,0.382796],[0.162728,-0.426484,0.889736]],[[0.96174,-0.169878,-0.214938],[0.228364,0.930502,0.286384],[0.15135,-0.324511,0.933695]],[[0.96174,-0.169878,-0.214938],[0.0299097,0.844962,-0.53399],[0.272328,0.50713,0.817714]],[[0.96174,-0.169878,-0.214938],[-0.147247,0.341079,-0.928431],[0.23103,0.924558,0.303015]]],2],[5583,[-0.187051,-0.0733848,-0.979605],558,57.7003,[-39.4785,147.301,-8.32251],[-37.0922,150.414,-7.12681],[617.417,1339.12,275.16],false,[-23.4185,129.078,119.754],[-24.1588,152.489,68.7797],[-29.8495,155.921,29.3217],[-34.49,154.101,5.01858],[-38.0985,151.011,-11.0257],[[[0.94875,-0.281736,-0.143172],[0.315752,0.863982,0.392219],[0.0131963,-0.417324,0.908662]],[[0.948322,-0.273679,-0.160575],[0.283652,0.957988,0.0424237],[0.142219,-0.0857789,0.986111]],[[0.948322,-0.273679,-0.160575],[0.256314,0.959017,-0.120784],[0.187051,0.0733848,0.979605]],[[0.948322,-0.273679,-0.160575],[0.232766,0.943928,-0.234136],[0.21565,0.18466,0.958851]]],3],[5584,[-0.0695466,0.0188686,-0.9974],558,45.2359,[-12.0752,144.084,7.82791],[-10.332,148.462,9.34475],[669.013,1155.79,343.883],false,[-13.4816,121.981,116.1],[-6.70638,144.616,69.8568],[-6.83029,148.955,38.4891],[-8.04849,149.286,21.0183],[-9.83243,148.274,5.71846],[[[0.8786,-0.466999,-0.0998669],[0.45939,0.769358,0.443902],[-0.130469,-0.435891,0.890493]],[[0.873746,-0.481315,-0.0700298],[0.486368,0.865772,0.117837],[0.00391295,-0.13702,0.990561]],[[0.873746,-0.481315,-0.0700298],[0.481386,0.876344,-0.0169875],[0.0695466,-0.0188686,0.9974]],[[0.873746,-0.481315,-0.0700298],[0.472455,0.874091,-0.112924],[0.115564,0.0655807,0.991133]]],4]],[[0,200,0],[235.247,235.247,147.751]]],[415130,551425601,[[558,"right",[-0.0811126,0.58676,-0.805688],[-0.0810992,-0.809557,-0.581412],[-26.6266,168.102,94.1576],[479.192,970.722,373.496],[-27.9237,165.361,93.0826],0.151235,0,0.335749]],[[5580,[-0.6191,0.22952,-0.751023],558,46.6739,[-93.3587,152.221,61.7212],[-92.8368,153.004,62.1073],[527.996,1062.12,189.684],false,[-41.5069,133.569,134.335],[-41.5069,133.569,134.335],[-62.9215,142.482,96.1183],[-81.8258,149.49,73.1858],[-96.0492,154.548,58.6454],[[[0.456451,0.83127,0.317243],[-0.731558,0.147685,0.665591],[0.506433,-0.535892,0.675533]],[[0.263704,0.961567,0.0764815],[-0.837255,0.188794,0.513188],[0.479025,-0.199364,0.854862]],[[0.263704,0.961567,0.0764815],[-0.739713,0.150698,0.655831],[0.6191,-0.22952,0.751023]],[[0.263704,0.961567,0.0764815],[-0.685526,0.131039,0.716158],[0.678612,-0.241284,0.693735]]],0],[5581,[-0.182746,-0.502495,-0.845046],558,52.6663,[-66.255,173.153,22.3905],[-65.5266,176.33,22.8665],[626.704,1112.73,305.143],false,[-33.6886,153.238,135.977],[-50.5592,183.213,79.7819],[-61.1026,196.928,45.4143],[-65.0583,186.051,27.1222],[-65.2166,171.738,21.7151],[[[0.965678,0.0805954,-0.24692],[0.0435982,0.886858,0.459981],[0.256055,-0.454959,0.852906]],[[0.961614,0.0876034,-0.260046],[0.0144451,0.930197,0.366777],[0.274025,-0.356454,0.893225]],[[0.961614,0.0876034,-0.260046],[-0.204701,0.86013,-0.467197],[0.182746,0.502495,0.845046]],[[0.961614,0.0876034,-0.260046],[-0.274211,0.342496,-0.898613],[0.0103434,0.935426,0.353371]]],1],[5582,[-0.229362,-0.489319,-0.841403],558,60.009,[-45.4674,173.249,12.0175],[-43.4876,176.422,12.4988],[598.868,1143.81,352.195],false,[-23.2228,155.709,133.535],[-30.8166,184.479,78.5927],[-35.9569,199.585,38.4834],[-41.798,187.124,17.0555],[-45.1812,171.647,11.3773],[[[0.969718,-0.133989,-0.204193],[0.211841,0.877512,0.430228],[0.121536,-0.460456,0.879323]],[[0.972699,-0.146628,-0.179881],[0.199191,0.925223,0.322932],[0.119079,-0.349946,0.92917]],[[0.972699,-0.146628,-0.179881],[0.0353542,0.85969,-0.509591],[0.229362,0.489319,0.841403]],[[0.972699,-0.146628,-0.179881],[-0.115955,0.364346,-0.924016],[0.201026,0.919648,0.337397]]],2],[5583,[-0.131332,-0.00354503,-0.991332],558,57.7003,[-20.7979,183.253,3.75435],[-19.7527,183.439,4.54918],[648.852,1304.38,380.833],false,[-12.5247,155.288,131],[-10.9047,180.733,81.0307],[-14.5034,186.691,41.6269],[-17.7616,186.603,17.0329],[-20.4192,184.727,0.619235],[[[0.958286,-0.266055,-0.104415],[0.284348,0.850571,0.442352],[-0.0288776,-0.45359,0.890743]],[[0.958705,-0.254918,-0.126098],[0.269806,0.955432,0.119808],[0.0899369,-0.148883,0.984756]],[[0.958705,-0.254918,-0.126098],[0.252262,0.966956,-0.0368776],[0.131332,0.00354503,0.991332]],[[0.958705,-0.254918,-0.126098],[0.235921,0.960444,-0.147949],[0.158825,0.11209,0.980923]]],3],[5584,[0.00565475,0.0589979,-0.998242],558,45.2359,[7.09886,177.071,21.335],[7.19227,179.267,22.3287],[678.116,1171.82,438.117],false,[-2.3252,148.446,127.591],[6.56349,173.002,82.7055],[8.81378,178.633,51.6248],[8.91283,179.666,34.1393],[8.27607,179.253,18.7212],[[[0.88826,-0.453622,-0.0722637],[0.426259,0.755398,0.497672],[-0.171167,-0.472865,0.86435]],[[0.877186,-0.479582,-0.0233751],[0.474864,0.859292,0.190057],[-0.071062,-0.177816,0.981495]],[[0.877186,-0.479582,-0.0233751],[0.480118,0.875511,0.054464],[-0.00565475,-0.0589979,0.998242]],[[0.877186,-0.479582,-0.0233751],[0.478376,0.877089,-0.0432615],[0.0412495,0.0267663,0.99879]]],4]],[[0,200,0],[235.247,235.247,147.751]]],[415131,551442992,[[558,"right",[-0.123745,0.651956,-0.748091],[-0.039086,-0.756503,-0.652822],[-22.1368,176.895,108.383],[377.033,755.743,578.933],[-23.5402,174.098,104.672],0,0,0.401136]],[[5580,[-0.567291,0.253572,-0.783506],558,46.6739,[-86.4974,160.053,71.7441],[-85.8232,160.643,74.6431],[475.505,776.551,397.248],false,[-34.5461,138.014,145.293],[-34.5461,138.014,145.293],[-59.5153,149.315,109.975],[-76.8375,157.058,86.0507],[-88.1789,162.322,69.2293],[[[0.409808,0.824595,0.390001],[-0.732216,0.0424012,0.679752],[0.543984,-0.564132,0.621158]],[[0.206763,0.964795,0.162539],[-0.803298,0.0725629,0.591141],[0.558536,-0.252793,0.790021]],[[0.206763,0.964795,0.162539],[-0.797139,0.0697929,0.599749],[0.567291,-0.253572,0.783506]],[[0.206763,0.964795,0.162539],[-0.815137,0.0779891,0.573994],[0.54111,-0.251172,0.802566]]],0],[5581,[-0.132237,-0.236506,-0.962589],558,52.6663,[-58.7722,193.089,32.7696],[-58.3253,194.907,36.0878],[538.267,1160.78,467.745],false,[-27.8855,157.881,148.695],[-47.0636,191.8,95.5658],[-54.5148,210.395,62.7162],[-57.3772,205.276,41.8797],[-57.6778,193.475,32.1443],[[[0.956691,0.160276,-0.243011],[-0.00413824,0.842188,0.539168],[0.291077,-0.514812,0.806376]],[[0.980964,0.108097,-0.16132],[-0.0143258,0.86876,0.495025],[0.193659,-0.483291,0.853772]],[[0.980964,0.108097,-0.16132],[-0.142206,0.965598,-0.217709],[0.132237,0.236506,0.962589]],[[0.980964,0.108097,-0.16132],[-0.193192,0.627305,-0.754431],[0.0196449,0.771235,0.636247]]],1],[5582,[-0.174125,-0.255127,-0.9511],558,60.009,[-39.097,194.3,22.5346],[-37.7539,196.609,25.7328],[490.421,1212.91,496.363],false,[-17.609,161.185,146.441],[-27.4431,194.345,94.4053],[-31.3991,214.257,56.3098],[-35.8335,207.759,32.0884],[-38.7361,194.693,21.8862],[[[0.973815,-0.0566867,-0.220163],[0.164053,0.845653,0.507895],[0.157391,-0.530714,0.832809]],[[0.983214,-0.0984978,-0.153583],[0.157769,0.881778,0.444497],[0.0916441,-0.461266,0.882516]],[[0.983214,-0.0984978,-0.153583],[0.054498,0.961877,-0.267996],[0.174125,0.255127,0.9511]],[[0.983214,-0.0984978,-0.153583],[-0.0595289,0.62252,-0.780337],[0.17247,0.776381,0.606207]]],2],[5583,[-0.103606,0.0650545,-0.992489],558,57.7003,[-14.6571,200.782,18.7058],[-14.5977,202.109,21.5732],[515.363,1200.96,657.049],false,[-6.93087,161.636,143.828],[-7.32117,191.588,96.3961],[-9.01579,204.541,58.5751],[-11.5862,206.155,33.9524],[-14.1319,203.294,17.6638],[[[0.971205,-0.197754,-0.132865],[0.238142,0.822093,0.517157],[0.00695749,-0.533907,0.845515]],[[0.971137,-0.208928,-0.115072],[0.234731,0.922792,0.305543],[0.042351,-0.323735,0.9452]],[[0.971137,-0.208928,-0.115072],[0.214845,0.975765,0.0415306],[0.103606,-0.0650545,0.992489]],[[0.971137,-0.208928,-0.115072],[0.183701,0.962861,-0.19787],[0.152139,0.17102,0.973451]]],3],[5584,[0.0352916,0.131382,-0.990703],558,45.2359,[13.3983,193.199,35.2828],[12.8846,196.509,38.5086],[534.433,1094.33,664.573],false,[3.61939,155.755,139.758],[10.5887,184.792,97.2729],[14.8348,195.052,67.6171],[15.4529,197.354,50.2637],[14.6173,196.65,34.8656],[[[0.912695,-0.391316,-0.117724],[0.385974,0.730906,0.56285],[-0.134207,-0.559149,0.818133]],[[0.892635,-0.449918,-0.0278679],[0.430377,0.832213,0.349567],[-0.134084,-0.324029,0.936497]],[[0.892635,-0.449918,-0.0278679],[0.449397,0.883353,0.133155],[-0.0352916,-0.131382,0.990703]],[[0.892635,-0.449918,-0.0278679],[0.447518,0.891904,-0.0650738],[0.0541333,0.0456157,0.997491]]],4]],[[0,200,0],[235.247,235.247,147.751]]],[415132,551469079,[[558,"right",[-0.108272,0.696775,-0.709072],[-0.0556104,-0.716393,-0.695477],[-16.1815,196.191,123.481],[286.948,746.007,578.839],[-17.4782,192.298,120.167],0,0,0.50543]],[[5580,[-0.453827,0.30359,-0.83778],558,46.6739,[-76.1633,182.276,84.6669],[-76.7689,183.058,87.4695],[419.142,826.047,441.774],false,[-29.5015,155.53,158.085],[-29.5015,155.53,158.085],[-56.8141,169.647,125.631],[-70.6717,178.917,100.05],[-77.0639,184.87,80.997],[[[0.428017,0.791158,0.436887],[-0.731685,0.0195871,0.681361],[0.530507,-0.611298,0.587263]],[[0.229573,0.948271,0.219269],[-0.757646,0.032697,0.651846],[0.610957,-0.315774,0.72596]],[[0.229573,0.948271,0.219269],[-0.86101,0.0928214,0.500046],[0.453827,-0.30359,0.83778]],[[0.229573,0.948271,0.219269],[-0.924276,0.141815,0.354405],[0.304977,-0.284027,0.90902]]],0],[5581,[-0.0965171,-0.1478,-0.984296],558,52.6663,[-48.5862,220.493,48.7063],[-49.1744,220.947,50.9461],[436.251,1061.03,539.683],false,[-22.3959,175.012,162.629],[-40.7528,212.373,111.558],[-45.4226,233.354,79.6461],[-47.5118,230.155,58.3397],[-48.0954,219.79,47.0988],[[[0.960295,0.15235,-0.233717],[0.0144405,0.809466,0.586989],[0.278613,-0.567058,0.775126]],[[0.992569,0.0593317,-0.106237],[0.00872149,0.836137,0.548452],[0.12137,-0.545303,0.829406]],[[0.992569,0.0593317,-0.106237],[-0.0741019,0.987236,-0.140976],[0.0965171,0.1478,0.984296]],[[0.992569,0.0593317,-0.106237],[-0.115551,0.73323,-0.670091],[0.0381389,0.677387,0.734637]]],1],[5582,[-0.140368,-0.09484,-0.985547],558,60.009,[-29.1197,225.746,38.0925],[-28.9883,225.635,40.2769],[414.271,1170.79,537.958],false,[-12.0452,178.207,160.565],[-21.0787,214.536,110.539],[-22.6126,237.722,74.16],[-26.1873,235.307,49.0612],[-29.2622,225.201,35.9596],[[[0.972481,-0.0659039,-0.223465],[0.182695,0.810923,0.555901],[0.144577,-0.58143,0.800648]],[[0.982761,-0.134317,-0.127046],[0.181436,0.832738,0.523095],[0.0355351,-0.537128,0.842752]],[[0.982761,-0.134317,-0.127046],[0.120327,0.98639,-0.112059],[0.140368,0.09484,0.985547]],[[0.982761,-0.134317,-0.127046],[0.028277,0.788282,-0.614664],[0.182708,0.600475,0.778491]]],2],[5583,[-0.0795848,0.0910615,-0.99266],558,57.7003,[-5.08367,226.176,37.7562],[-5.70521,227.292,39.5298],[422.581,1050.23,684.114],false,[-1.35718,178.566,157.979],[-1.02615,211.213,112.359],[-0.115471,229.418,76.7381],[-2.0899,231.677,52.1111],[-4.69862,227.926,36.0141],[[[0.9666,-0.21169,-0.144474],[0.256224,0.785194,0.563755],[-0.00590102,-0.581943,0.813208]],[[0.964822,-0.243278,-0.0996701],[0.261917,0.856628,0.444509],[-0.022759,-0.454977,0.890212]],[[0.964822,-0.243278,-0.0996701],[0.250569,0.965673,0.0684969],[0.0795848,-0.0910615,0.99266]],[[0.964822,-0.243278,-0.0996701],[0.211689,0.943695,-0.254221],[0.155904,0.224179,0.961997]]],3],[5584,[0.0752792,0.162374,-0.983854],558,45.2359,[23.1401,216.212,53.409],[22.2062,218.995,55.6926],[434.168,952.842,666.192],false,[9.06091,172.693,153.571],[16.7245,203.973,112.834],[23.7261,217.135,84.8961],[25.0447,219.98,67.6626],[24.2495,219.051,52.2743],[[[0.903708,-0.404428,-0.140532],[0.401911,0.688192,0.604036],[-0.147576,-0.602354,0.784469]],[[0.869135,-0.494344,-0.0150843],[0.4424,0.763451,0.470558],[-0.221102,-0.415652,0.88224]],[[0.869135,-0.494344,-0.0150843],[0.488812,0.853966,0.178339],[-0.0752792,-0.162374,0.983854]],[[0.869135,-0.494344,-0.0150843],[0.491885,0.867183,-0.0777379],[0.0515102,0.060145,0.99686]]],4]],[[0,200,0],[235.247,235.247,147.751]]],[415133,551486470,[[558,"right",[-0.0860658,0.739962,-0.66712],[-0.0783683,-0.672557,-0.735884],[-14.5562,205.744,131.551],[197.513,655.089,525.774],[-15.6134,200.879,127.432],0,0,0.568381]],[[5580,[-0.392036,0.360939,-0.846186],558,46.6739,[-72.4908,194.593,90.9887],[-73.4651,196.463,94.0664],[325.377,797.734,416.794],false,[-29.1621,163.581,163.755],[-29.1621,163.581,163.755],[-56.7216,180.478,132.876],[-68.6924,191.499,107.038],[-72.7703,198.385,87.6667],[[[0.452962,0.750392,0.48139],[-0.730687,0.00310027,0.682705],[0.510804,-0.660986,0.549706]],[[0.260231,0.925759,0.274316],[-0.743125,0.0106375,0.669068],[0.616478,-0.377964,0.690723]],[[0.260231,0.925759,0.274316],[-0.882376,0.112662,0.456859],[0.392036,-0.360939,0.846186]],[[0.260231,0.925759,0.274316],[-0.945742,0.187143,0.265613],[0.194557,-0.328553,0.92423]]],0],[5581,[-0.0957644,-0.0762877,-0.992476],558,52.6663,[-45.6697,234.554,57.4021],[-46.2722,236.209,60.2965],[311.382,976.162,542.674],false,[-21.4406,182.529,169.411],[-38.6005,223.365,120.636],[-42.2904,246.293,89.9585],[-44.3633,244.641,68.4751],[-45.2844,235.28,56.4066],[[[0.964652,0.135138,-0.226239],[0.0401781,0.773049,0.633072],[0.260446,-0.619784,0.740294]],[[0.994753,0.0287105,-0.098191],[0.0356206,0.802546,0.595526],[0.0959006,-0.595899,0.797313]],[[0.994753,0.0287105,-0.098191],[-0.0359853,0.996672,-0.073138],[0.0957644,0.0762877,0.992476]],[[0.994753,0.0287105,-0.098191],[-0.0827175,0.790494,-0.606858],[0.0601962,0.611796,0.788722]]],1],[5582,[-0.135162,-0.0206788,-0.990608],558,60.009,[-25.8414,240.416,47.3388],[-25.8264,241.384,50.0226],[311.486,1046.42,558.399],false,[-10.9935,185.509,167.518],[-18.8676,224.958,119.708],[-19.2098,250.62,84.9988],[-22.6519,250.093,59.7711],[-25.9842,241.15,45.9095],[[[0.969892,-0.0836194,-0.228729],[0.208394,0.770972,0.601809],[0.126021,-0.631356,0.765185]],[[0.978042,-0.162852,-0.130048],[0.208255,0.787437,0.580149],[0.00792604,-0.594493,0.804061]],[[0.978042,-0.162852,-0.130048],[0.158633,0.986434,-0.0422361],[0.135162,0.0206788,0.990608]],[[0.978042,-0.162852,-0.130048],[0.0650233,0.831312,-0.55199],[0.198003,0.531413,0.823647]]],2],[5583,[-0.0727743,0.137634,-0.987806],558,57.7003,[-1.81963,238.631,47.2462],[-2.3932,241.516,49.9884],[316.241,934.799,650.638],false,[-0.29956,185.679,164.937],[1.0691,220.899,121.294],[3.20732,241.892,87.296],[1.40186,245.306,62.7894],[-1.39356,241.935,46.6399],[[[0.959378,-0.233497,-0.158345],[0.281067,0.742508,0.608015],[-0.0243974,-0.627822,0.777974]],[[0.955875,-0.273018,-0.108462],[0.288872,0.806363,0.516073],[-0.0534373,-0.524633,0.849649]],[[0.955875,-0.273018,-0.108462],[0.284617,0.952112,0.111692],[0.0727743,-0.137634,0.987806]],[[0.955875,-0.273018,-0.108462],[0.241647,0.940673,-0.238205],[0.167062,0.201485,0.965139]]],3],[5584,[0.0884063,0.202626,-0.975257],558,45.2359,[26.3888,226.897,62.2108],[25.5121,231.053,65.4916],[319.79,828.083,621.224],false,[9.92646,179.744,160.176],[18.5806,213.084,121.313],[26.8605,228.021,94.6465],[28.409,231.57,77.5636],[27.4616,231.014,62.166],[[[0.89039,-0.424044,-0.165509],[0.423597,0.638749,0.642313],[-0.16665,-0.642018,0.748359]],[[0.847931,-0.529075,-0.0330599],[0.461135,0.705411,0.538283],[-0.261471,-0.471672,0.842115]],[[0.847931,-0.529075,-0.0330599],[0.522683,0.824028,0.218586],[-0.0884063,-0.202626,0.975257]],[[0.847931,-0.529075,-0.0330599],[0.526541,0.84781,-0.0630315],[0.0613768,0.0360389,0.997464]]],4]],[[0,200,0],[235.247,235.247,147.751]]],[415134,551503861,[[558,"right",[-0.0777374,0.78551,-0.613947],[-0.0952386,-0.618846,-0.779718],[-13.1545,212.327,141.364],[143.475,527.278,543.563],[-14.2567,207.195,135.119],0,0,0.627944]],[[5580,[-0.358172,0.424051,-0.831801],558,46.698,[-69.8486,204.615,99.4082],[-71.5353,206.629,102.84],[244.802,701.514,472.264],false,[-28.2797,168.278,170.726],[-28.2797,168.278,170.726],[-55.9939,187.865,141.591],[-66.9364,200.82,116.179],[-69.8832,208.917,97.0604],[[[0.46936,0.707653,0.528138],[-0.725759,-0.0315239,0.687226],[0.502966,-0.705857,0.498789]],[[0.280426,0.898633,0.337371],[-0.733098,-0.0263748,0.679611],[0.61962,-0.437907,0.65139]],[[0.280426,0.898633,0.337371],[-0.890547,0.112422,0.44078],[0.358172,-0.424051,0.831801]],[[0.280426,0.898633,0.337371],[-0.949534,0.208251,0.234557],[0.140523,-0.386121,0.911682]]],0],[5581,[-0.100113,0.0107849,-0.994918],558,52.6935,[-43.8601,246.693,68.2053],[-44.6758,249.274,71.6177],[213.538,864.035,614.374],false,[-20.1844,186.667,177.612],[-36.9743,231.074,131.877],[-40.2578,256.15,102.854],[-42.426,256.383,81.3066],[-43.6114,248.341,68.3341],[[[0.965274,0.134,-0.224256],[0.0580993,0.726814,0.684372],[0.254698,-0.673636,0.693789]],[[0.994885,0.0145869,-0.0999515],[0.0541099,0.758603,0.649303],[0.0852948,-0.65139,0.753934]],[[0.994885,0.0145869,-0.0999515],[-0.0134348,0.999835,0.0121901],[0.100113,-0.0107849,0.994918]],[[0.994885,0.0145869,-0.0999515],[-0.0648682,0.850773,-0.521515],[0.0774287,0.525332,0.847367]]],1],[5582,[-0.137242,0.055773,-0.988966],558,60.04,[-23.8317,252.682,58.7099],[-24.0294,254.707,61.7792],[218.899,903.353,638.087],false,[-9.69481,189.594,175.842],[-17.2133,232.392,130.9],[-17.0582,260.583,98.1804],[-20.5551,262.004,72.9816],[-24.0996,254.235,58.4693],[[[0.966667,-0.0841234,-0.241822],[0.226032,0.724039,0.651673],[0.120268,-0.68461,0.718919]],[[0.974086,-0.173613,-0.144968],[0.226151,0.737426,0.636442],[-0.00359105,-0.652734,0.757579]],[[0.974086,-0.173613,-0.144968],[0.179782,0.983233,0.0305007],[0.137242,-0.055773,0.988966]],[[0.974086,-0.173613,-0.144968],[0.0827448,0.870048,-0.485974],[0.2105,0.461385,0.861866]]],2],[5583,[-0.0758016,0.198676,-0.977129],558,57.7301,[0.159115,249.461,58.0467],[-0.438894,253.732,62.1805],[218.658,815.735,687.587],false,[0.987841,189.76,173.191],[2.67017,227.894,132.041],[5.28402,251.535,99.8382],[3.40248,256.466,75.584],[0.383083,253.896,59.3188],[[[0.954021,-0.238293,-0.181824],[0.298237,0.693986,0.655316],[-0.0299733,-0.679412,0.733145]],[[0.94976,-0.284045,-0.131432],[0.306094,0.755391,0.579389],[-0.06529,-0.590511,0.804384]],[[0.94976,-0.284045,-0.131432],[0.303662,0.938001,0.167164],[0.0758016,-0.198676,0.977129]],[[0.94976,-0.284045,-0.131432],[0.25579,0.946445,-0.197012],[0.180354,0.153495,0.971551]]],3],[5584,[0.0905126,0.278481,-0.956167],558,45.2593,[28.2685,236.623,72.0014],[27.693,241.991,76.6498],[215.074,733.029,644.299],false,[11.0803,183.992,167.947],[20.0509,219.796,131.381],[28.5772,236.723,105.992],[30.1635,241.603,89.235],[29.0433,242.075,73.8381],[[[0.881661,-0.426695,-0.20151],[0.439164,0.585705,0.681238],[-0.172655,-0.689116,0.703782]],[[0.838853,-0.538811,-0.0775195],[0.473185,0.651343,0.593168],[-0.269113,-0.534261,0.801338]],[[0.838853,-0.538811,-0.0775195],[0.536781,0.795067,0.282373],[-0.0905126,-0.278481,0.956167]],[[0.838853,-0.538811,-0.0775195],[0.539505,0.841874,-0.0134852],[0.0725277,-0.0305101,0.9969]]],4]],[[0,200,0],[235.247,235.247,147.751]]],[415135,551521253,[[558,"right",[-0.0751189,0.812382,-0.578267],[-0.105114,-0.583126,-0.805553],[-11.3558,220.348,148.124],[124.96,496.718,471.959],[-12.8115,213.748,141.598],0,0,0.681445]],[[5580,[-0.331667,0.464977,-0.820849],558,46.698,[-67.0098,214.525,106.111],[-69.0297,216.985,109.054],[212.609,654.719,431.038],false,[-26.6582,175.169,175.617],[-26.6582,175.169,175.617],[-54.4048,196.473,147.745],[-64.5375,210.678,122.668],[-66.6435,219.531,103.775],[[[0.478383,0.679976,0.555682],[-0.721725,-0.0560436,0.689908],[0.500263,-0.731089,0.463945]],[[0.293695,0.877752,0.378542],[-0.727268,-0.0518112,0.684395],[0.620342,-0.476305,0.623145]],[[0.293695,0.877752,0.378542],[-0.896516,0.115529,0.427683],[0.331667,-0.464977,0.820849]],[[0.293695,0.877752,0.378542],[-0.950609,0.226586,0.212136],[0.100431,-0.422149,0.900946]]],0],[5581,[-0.104007,0.0667872,-0.992332],558,52.6935,[-42.146,257.843,76.712],[-42.9223,261.459,79.548],[163.527,778.545,558.085],false,[-18.3706,193.172,183.253],[-35.0801,239.682,139.627],[-38.2221,266.048,111.755],[-40.4746,267.495,90.2636],[-41.8149,260.36,76.7849],[[[0.964929,0.136133,-0.224454],[0.0682677,0.695479,0.715296],[0.253478,-0.705533,0.661795]],[[0.994575,0.00896541,-0.103639],[0.0644942,0.728555,0.681945],[0.0816206,-0.684929,0.724024]],[[0.994575,0.00896541,-0.103639],[-0.00197489,0.997727,0.0673573],[0.104007,-0.0667872,0.992332]],[[0.994575,0.00896541,-0.103639],[-0.0561917,0.884726,-0.462711],[0.0875438,0.466024,0.88043]]],1],[5582,[-0.138149,0.105227,-0.984806],558,60.04,[-21.9066,263.884,67.5144],[-22.0522,267.106,69.9694],[172.75,801.928,579.06],false,[-7.86856,196.091,181.545],[-15.3153,240.886,138.579],[-14.8775,270.6,107.239],[-18.3975,273.281,82.1466],[-22.0548,266.315,67.2598],[[[0.964433,-0.081009,-0.251609],[0.235966,0.692823,0.681408],[0.119121,-0.716543,0.687296]],[[0.971664,-0.178153,-0.155342],[0.23615,0.703496,0.670319],[-0.0101373,-0.688008,0.725632]],[[0.971664,-0.178153,-0.155342],[0.191793,0.97836,0.0776335],[0.138149,-0.105227,0.984806]],[[0.971664,-0.178153,-0.155342],[0.0932376,0.892798,-0.440702],[0.217201,0.41373,0.88411]]],2],[5583,[-0.081267,0.234303,-0.968761],558,57.7301,[1.83247,259.583,66.7051],[1.44125,265.185,70.6558],[163.973,733.328,602.84],false,[2.79847,196.29,178.833],[4.53741,236.185,139.391],[7.30953,261.402,108.421],[5.29233,267.218,84.3745],[2.08521,265.083,68.0824],[[[0.9509,-0.237567,-0.198372],[0.307945,0.66207,0.683252],[-0.0309819,-0.710792,0.70272]],[[0.946404,-0.286703,-0.148733],[0.315477,0.721832,0.615981],[-0.0692436,-0.629889,0.773592]],[[0.946404,-0.286703,-0.148733],[0.312596,0.928926,0.198446],[0.081267,-0.234303,0.968761]],[[0.946404,-0.286703,-0.148733],[0.260043,0.949495,-0.175602],[0.191567,0.127514,0.973161]]],3],[5584,[0.0782028,0.305183,-0.949077],558,45.2593,[29.7316,245.736,79.8856],[29.4962,252.321,84.395],[153.712,660.089,556.463],false,[12.8108,190.679,173.275],[21.847,227.987,138.262],[30.509,246.08,113.738],[31.8795,251.428,97.1047],[30.3902,252.133,81.7481],[[[0.876883,-0.424342,-0.225855],[0.44814,0.551645,0.703462],[-0.173917,-0.718068,0.673892]],[[0.8335,-0.542314,-0.105706],[0.480139,0.616265,0.624247],[-0.273395,-0.571063,0.774043]],[[0.8335,-0.542314,-0.105706],[0.546958,0.782789,0.296781],[-0.0782028,-0.305183,0.949077]],[[0.8335,-0.542314,-0.105706],[0.54404,0.838938,-0.0142895],[0.0964301,-0.045598,0.994295]]],4]],[[0,200,0],[235.247,235.247,147.751]]],[415136,551538644,[[558,"right",[-0.0629316,0.841845,-0.536038],[-0.115345,-0.539638,-0.833958],[-10.7998,226.94,153.282],[81.978,442.323,390.902],[-11.8724,219.906,147.052],0.0010434,0.00243226,0.728422]],[[5580,[-0.312164,0.514099,-0.798909],558,46.7221,[-65.6395,224.102,111.529],[-68.1868,226.738,113.954],[140.321,612.786,370.522],false,[-26.7916,180.643,178.486],[-26.7916,180.643,178.486],[-54.2408,203.98,151.942],[-63.7826,219.694,127.522],[-65.5994,229.576,109.103],[[[0.489797,0.643177,0.588577],[-0.721672,-0.079686,0.687633],[0.489171,-0.76156,0.425133]],[[0.311334,0.849853,0.425231],[-0.725836,-0.0761616,0.683638],[0.613378,-0.521488,0.593142]],[[0.311334,0.849853,0.425231],[-0.897566,0.115986,0.42535],[0.312164,-0.514099,0.798909]],[[0.311334,0.849853,0.425231],[-0.946347,0.236494,0.220222],[0.0865913,-0.470979,0.877884]]],0],[5581,[-0.103063,0.12526,-0.986756],558,52.7207,[-40.8792,268.174,83.9676],[-41.7502,272.615,86.4444],[119.662,705.45,494.798],false,[-18.2054,198.111,187.015],[-34.2369,247.063,145.824],[-36.9452,274.867,119.309],[-39.1784,277.581,97.927],[-40.6522,271.36,84.0081],[[[0.96669,0.132133,-0.219204],[0.0801757,0.657008,0.749608],[0.243067,-0.742214,0.624529]],[[0.994554,-0.00248857,-0.104193],[0.076929,0.692006,0.717782],[0.070316,-0.721888,0.688428]],[[0.994554,-0.00248857,-0.104193],[0.0155068,0.992121,0.124321],[0.103063,-0.12526,0.986756]],[[0.994554,-0.00248857,-0.104193],[-0.0400