{
  "metadata": {
    "formatVersion": 2,
    "generatedBy": "LeapJS Playback 0.2.1",
    "frames": 3,
    "protocolVersion": 6,
    "serviceVersion": "2.1.4+22333",
    "frameRate": "39",
    "modified": "Sat Oct 04 2014 23:21:36 GMT-0700 (Pacific Daylight Time)"
  },
  "frames": [
    [
      "id",
      "timestamp",
      {
        "hands": [
          [
            "id",
            "type",
            "direction",
            "palmNormal",
            "palmPosition",
            "palmVelocity",
            "stabilizedPalmPosition",
            "pinchStrength",
            "grabStrength",
            "confidence"
          ]
        ]
      },
      {
        "pointables": [
          [
            "id",
            "direction",
            "handId",
            "length",
            "stabilizedTipPosition",
            "tipPosition",
            "tipVelocity",
            "tool",
            "carpPosition",
            "mcpPosition",
            "pipPosition",
            "dipPosition",
            "btipPosition",
            "bases",
            "type"
          ]
        ]
      },
      {
        "interactionBox": [
          "center",
          "size"
        ]
      }
    ],
    [
      339552,
      2033228484,
      [
        [
          541,
          "right",
          [
            -0.656751,
            0.311437,
            -0.686793
          ],
          [
            -0.397651,
            -0.91685,
            -0.0355027
          ],
          [
            26.0167,
            167.565,
            49.2613
          ],
          [
            -7.34105,
            -0.837743,
            3.19501
          ],
          [
            25.5658,
            167.211,
            49.0365
          ],
          0,
          0,
          0.976649
        ]
      ],
      [
        [
          5410,
          [
            -0.925236,
            -0.00665471,
            -0.379333
          ],
          541,
          46.6391,
          [
            -42.8604,
            156.466,
            74.7687
          ],
          [
            -43.6435,
            157.245,
            76.3027
          ],
          [
            -8.31915,
            -2.41546,
            2.58688
          ],
          false,
          [
            45.4836,
            150.913,
            97.9166
          ],
          [
            45.4836,
            150.913,
            97.9166
          ],
          [
            1.62608,
            157.388,
            92.4272
          ],
          [
            -26.605,
            157.185,
            80.8529
          ],
          [
            -46.451,
            157.845,
            74.1933
          ],
          [
            [
              [
                0.48535,
                0.780312,
                -0.394396
              ],
              [
                -0.0815244,
                0.489513,
                0.868177
              ],
              [
                0.870511,
                -0.389217,
                0.301199
              ]
            ],
            [
              [
                0.186172,
                0.863224,
                -0.469238
              ],
              [
                -0.0380647,
                0.483566,
                0.87448
              ],
              [
                0.98178,
                -0.144942,
                0.122885
              ]
            ],
            [
              [
                0.186172,
                0.863224,
                -0.469238
              ],
              [
                -0.330572,
                0.504777,
                0.797447
              ],
              [
                0.925236,
                0.00665471,
                0.379333
              ]
            ],
            [
              [
                0.186172,
                0.863224,
                -0.469238
              ],
              [
                -0.259691,
                0.503836,
                0.823838
              ],
              [
                0.947576,
                -0.0315183,
                0.317972
              ]
            ]
          ],
          0
        ],
        [
          5411,
          [
            -0.783128,
            -0.131513,
            -0.607795
          ],
          541,
          52.627,
          [
            -57.0466,
            177.686,
            4.99147
          ],
          [
            -59.7423,
            178.535,
            4.4269
          ],
          [
            -8.92883,
            4.93315,
            4.04481
          ],
          false,
          [
            50.7775,
            168.136,
            86.7212
          ],
          [
            -2.26419,
            181.902,
            50.2292
          ],
          [
            -31.5187,
            184.291,
            25.3967
          ],
          [
            -48.4579,
            181.446,
            12.25
          ],
          [
            -60.3722,
            177.208,
            3.65493
          ],
          [
            [
              [
                0.521377,
                -0.193951,
                -0.830993
              ],
              [
                0.281253,
                0.95847,
                -0.0472412
              ],
              [
                0.805644,
                -0.209089,
                0.554274
              ]
            ],
            [
              [
                0.620913,
                -0.219294,
                -0.75258
              ],
              [
                0.188402,
                0.973678,
                -0.128279
              ],
              [
                0.760902,
                -0.0621376,
                0.645885
              ]
            ],
            [
              [
                0.620913,
                -0.219294,
                -0.75258
              ],
              [
                0.0343119,
                0.966755,
                -0.253393
              ],
              [
                0.783128,
                0.131513,
                0.607795
              ]
            ],
            [
              [
                0.620913,
                -0.219294,
                -0.75258
              ],
              [
                -0.085298,
                0.935469,
                -0.34296
              ],
              [
                0.779225,
                0.277142,
                0.56214
              ]
            ]
          ],
          1
        ],
        [
          5412,
          [
            -0.73825,
            -0.121987,
            -0.663405
          ],
          541,
          59.9643,
          [
            -46.3472,
            174.024,
            -20.203
          ],
          [
            -49.029,
            175.335,
            -21.7988
          ],
          [
            -8.27004,
            -2.47077,
            4.18667
          ],
          false,
          [
            56.4646,
            167.592,
            77.2987
          ],
          [
            11.0678,
            178.782,
            35.921
          ],
          [
            -18.5863,
            181.318,
            4.69915
          ],
          [
            -37.3732,
            178.214,
            -12.1831
          ],
          [
            -50.1197,
            173.844,
            -22.2449
          ],
          [
            [
              [
                0.569792,
                -0.380951,
                -0.728157
              ],
              [
                0.382969,
                0.907059,
                -0.17487
              ],
              [
                0.727098,
                -0.179222,
                0.662727
              ]
            ],
            [
              [
                0.648525,
                -0.398809,
                -0.648358
              ],
              [
                0.326788,
                0.915147,
                -0.23604
              ],
              [
                0.687478,
                -0.0587974,
                0.723821
              ]
            ],
            [
              [
                0.648525,
                -0.398809,
                -0.648358
              ],
              [
                0.18548,
                0.908884,
                -0.373532
              ],
              [
                0.73825,
                0.121987,
                0.663405
              ]
            ],
            [
              [
                0.648525,
                -0.398809,
                -0.648358
              ],
              [
                0.0701327,
                0.879447,
                -0.470802
              ],
              [
                0.757956,
                0.259856,
                0.598312
              ]
            ]
          ],
          2
        ],
        [
          5413,
          [
            -0.706282,
            -0.16697,
            -0.687958
          ],
          541,
          57.6572,
          [
            -23.9136,
            166.281,
            -30.3108
          ],
          [
            -25.7237,
            166.427,
            -32.2027
          ],
          [
            -7.58643,
            0.374186,
            2.01931
          ],
          false,
          [
            62.4729,
            164.287,
            68.7052
          ],
          [
            27.3907,
            172.098,
            25.6869
          ],
          [
            2.56726,
            174.687,
            -5.55101
          ],
          [
            -14.9419,
            170.547,
            -22.6059
          ],
          [
            -27.2991,
            164.838,
            -32.3154
          ],
          [
            [
              [
                0.640078,
                -0.47046,
                -0.607427
              ],
              [
                0.445682,
                0.871348,
                -0.205231
              ],
              [
                0.625833,
                -0.139355,
                0.767406
              ]
            ],
            [
              [
                0.668671,
                -0.476467,
                -0.57084
              ],
              [
                0.409196,
                0.876806,
                -0.252527
              ],
              [
                0.620837,
                -0.0647281,
                0.781263
              ]
            ],
            [
              [
                0.668671,
                -0.476467,
                -0.57084
              ],
              [
                0.232476,
                0.863192,
                -0.448168
              ],
              [
                0.706282,
                0.16697,
                0.687958
              ]
            ],
            [
              [
                0.668671,
                -0.476467,
                -0.57084
              ],
              [
                0.0817616,
                0.810174,
                -0.58046
              ],
              [
                0.73905,
                0.341463,
                0.580696
              ]
            ]
          ],
          3
        ],
        [
          5414,
          [
            -0.560398,
            -0.252091,
            -0.788926
          ],
          541,
          45.2022,
          [
            11.2871,
            151.265,
            -32.0841
          ],
          [
            10.7903,
            151.522,
            -34.4884
          ],
          [
            -7.67588,
            -2.04402,
            2.37075
          ],
          false,
          [
            68.0022,
            154.846,
            62.185
          ],
          [
            41.725,
            161.962,
            18.0086
          ],
          [
            28.5036,
            160.814,
            -10.7169
          ],
          [
            18.6948,
            156.401,
            -24.5257
          ],
          [
            8.81094,
            150.115,
            -34.5619
          ],
          [
            [
              [
                0.625712,
                -0.620888,
                -0.47221
              ],
              [
                0.593341,
                0.771809,
                -0.2286
              ],
              [
                0.50639,
                -0.137144,
                0.851329
              ]
            ],
            [
              [
                0.710609,
                -0.635639,
                -0.301657
              ],
              [
                0.566084,
                0.771133,
                -0.291383
              ],
              [
                0.417832,
                0.0362961,
                0.907799
              ]
            ],
            [
              [
                0.710609,
                -0.635639,
                -0.301657
              ],
              [
                0.425427,
                0.729666,
                -0.535349
              ],
              [
                0.560398,
                0.252091,
                0.788926
              ]
            ],
            [
              [
                0.710609,
                -0.635639,
                -0.301657
              ],
              [
                0.290627,
                0.655637,
                -0.696905
              ],
              [
                0.640758,
                0.407557,
                0.650636
              ]
            ]
          ],
          4
        ]
      ],
      [
        [
          0,
          200,
          0
        ],
        [
          235.247,
          235.247,
          147.751
        ]
      ]
    ]
  ]
}